Unnamed4
-3 8.02199 -1 0 -7 0 
-3 7.9515 -1 0 -7.09805 0 
-3 7.88002 -1 0 -7.19615 0 
-3 7.80757 -1 0 -7.29425 0 
-3 7.73414 -1 0 -7.39235 0 
-3 7.65973 -1 0 -7.49045 0 
-3 7.58433 -1 0 -7.58855 0 
-3 7.50795 -1 0 -7.68665 0 
-3 7.4306 -1 0 -7.78475 0 
-3 7.35226 -1 0 -7.88285 0 
-3 7.27294 -1 0 -7.98095 0 
-3 7.19264 -1 0 -8.07905 0 
-3 7.11136 -1 0 -8.17715 0 
-3 7.0291 -1 0 -8.27525 0 
-3 6.94585 -1 0 -8.37335 0 
-3 6.86163 -1 0 -8.47145 0 
-3 6.77643 -1 0 -8.56955 0 
-3 6.69024 -1 0 -8.66765 0 
-3 6.60307 -1 0 -8.76575 0 
-3 6.51492 -1 0 -8.86385 0 
-3 6.4258 -1 0 -8.96195 0 
-3 6.33569 -1 0 -9.06005 0 
-3 6.24459 -1 0 -9.15815 0 
-3 6.15252 -1 0 -9.25625 0 
-3 6.05947 -1 0 -9.35435 0 
-3 5.96543 -1 0 -9.45245 0 
-3 5.87042 -1 0 -9.55055 0 
-3 5.77442 -1 0 -9.64865 0 
-3 5.67745 -1 0 -9.74675 0 
-3 5.57949 -1 0 -9.84485 0 
-3 5.48055 -1 0 -9.94295 0 
-3 5.38063 -1 0 -10.0411 0 
-3 5.27973 -1 0 -10.1392 0 
-3 5.17785 -1 0 -10.2373 0 
-3 5.07498 -1 0 -10.3354 0 
-3 4.97114 -1 0 -10.4335 0 
-3 4.86631 -1 0 -10.5316 0 
-3 4.76051 -1 0 -10.6297 0 
-3 4.65372 -1 0 -10.7278 0 
-3 4.54595 -1 0 -10.8259 0 
-3 4.4372 -1 0 -10.924 0 
-3 4.32747 -1 0 -11.0221 0 
-3 4.21676 -1 0 -11.1202 0 
-3 4.10507 -1 0 -11.2183 0 
-3 3.9924 -1 0 -11.3164 0 
-3 3.87874 -1 0 -11.4145 0 
-3 3.76411 -1 0 -11.5126 0 
-3 3.64849 -1 0 -11.6107 0 
-3 3.5319 -1 0 -11.7088 0 
-3 3.41432 -1 0 -11.8069 0 
-3 3.29576 -1 0 -11.905 0 
-3 3.17622 -1 0 -12.0031 0 
-3 3.0557 -1 0 -12.1012 0 
-3 2.9342 -1 0 -12.1993 0 
-3 2.81171 -1 0 -12.2974 0 
-3 2.68825 -1 0 -12.3955 0 
-3 2.5638 -1 0 -12.4936 0 
-3 2.43838 -1 0 -12.5917 0 
-3 2.31197 -1 0 -12.6898 0 
-3 2.18458 -1 0 -12.7879 0 
-3 2.05621 -1 0 -12.886 0 
-3 1.92686 -1 0 -12.9841 0 
-3 1.79653 -1 0 -13.0822 0 
-3 1.66522 -1 0 -13.1803 0 
-3 1.53293 -1 0 -13.2784 0 
-3 1.39965 -1 0 -13.3765 0 
-3 1.2654 -1 0 -13.4746 0 
-3 1.13016 -1 0 -13.5727 0 
-3 1.00597 -1 0 13.6621 0 
-3 1.1421 -1 0 13.564 0 
-3 1.27725 -1 0 13.4659 0 
-3 1.41142 -1 0 13.3678 0 
-3 1.54461 -1 0 13.2697 0 
-3 1.67682 -1 0 13.1716 0 
-3 1.80804 -1 0 13.0735 0 
-3 1.93829 -1 0 12.9754 0 
-3 2.06755 -1 0 12.8773 0 
-3 2.19583 -1 0 12.7792 0 
-3 2.32313 -1 0 12.6811 0 
-3 2.44946 -1 0 12.583 0 
-3 2.5748 -1 0 12.4849 0 
-3 2.69915 -1 0 12.3868 0 
-3 2.82253 -1 0 12.2887 0 
-3 2.94493 -1 0 12.1906 0 
-3 3.06634 -1 0 12.0925 0 
-3 3.18678 -1 0 11.9944 0 
-3 3.30623 -1 0 11.8963 0 
-3 3.4247 -1 0 11.7982 0 
-3 3.5422 -1 0 11.7001 0 
-3 3.65871 -1 0 11.602 0 
-3 3.77424 -1 0 11.5039 0 
-3 3.88879 -1 0 11.4058 0 
-3 4.00235 -1 0 11.3077 0 
-3 4.11494 -1 0 11.2096 0 
-3 4.22655 -1 0 11.1115 0 
-3 4.33717 -1 0 11.0134 0 
-3 4.44681 -1 0 10.9153 0 
-3 4.55548 -1 0 10.8172 0 
-3 4.66316 -1 0 10.7191 0 
-3 4.76986 -1 0 10.621 0 
-3 4.87558 -1 0 10.5229 0 
-3 4.98032 -1 0 10.4248 0 
-3 5.08408 -1 0 10.3267 0 
-3 5.18685 -1 0 10.2286 0 
-3 5.28865 -1 0 10.1305 0 
-3 5.38946 -1 0 10.0324 0 
-3 5.4893 -1 0 9.93432 0 
-3 5.58815 -1 0 9.83622 0 
-3 5.68602 -1 0 9.73812 0 
-3 5.78291 -1 0 9.64002 0 
-3 5.87882 -1 0 9.54192 0 
-3 5.97375 -1 0 9.44382 0 
-3 6.0677 -1 0 9.34572 0 
-3 6.16066 -1 0 9.24762 0 
-3 6.25265 -1 0 9.14952 0 
-3 6.34365 -1 0 9.05142 0 
-3 6.43368 -1 0 8.95332 0 
-3 6.52272 -1 0 8.85522 0 
-3 6.61078 -1 0 8.75712 0 
-3 6.69786 -1 0 8.65902 0 
-3 6.78396 -1 0 8.56092 0 
-3 6.86908 -1 0 8.46282 0 
-3 6.95322 -1 0 8.36472 0 
-3 7.03638 -1 0 8.26662 0 
-3 7.11855 -1 0 8.16852 0 
-3 7.19975 -1 0 8.07042 0 
-3 7.27996 -1 0 7.97232 0 
-3 7.35919 -1 0 7.87422 0 
-3 7.43744 -1 0 7.77612 0 
-3 7.51471 -1 0 7.67802 0 
-3 7.591 -1 0 7.57992 0 
-3 7.66631 -1 0 7.48182 0 
-3 7.74064 -1 0 7.38372 0 
-3 7.81399 -1 0 7.28562 0 
-3 7.88635 -1 0 7.18752 0 
-3 7.95774 -1 0 7.08942 0 
-3 8.02814 -1 0 6.99132 0 
-3 8.09756 -1 0 6.89322 0 
-3 8.16601 -1 0 6.79512 0 
-3 8.23347 -1 0 6.69702 0 
-3 8.29995 -1 0 6.59892 0 
-3 8.36544 -1 0 6.50082 0 
-3 8.42996 -1 0 6.40272 0 
-3 8.4935 -1 0 6.30462 0 
-3 8.55605 -1 0 6.20652 0 
-3 8.61763 -1 0 6.10842 0 
-3 8.67822 -1 0 6.01032 0 
-3 8.73784 -1 0 5.91222 0 
-3 8.79647 -1 0 5.81412 0 
-3 8.85412 -1 0 5.71602 0 
-3 8.91079 -1 0 5.61792 0 
-3 8.96648 -1 0 5.51982 0 
-3 9.02118 -1 0 5.42172 0 
-3 9.07491 -1 0 5.32362 0 
-3 9.12766 -1 0 5.22552 0 
-3 9.17942 -1 0 5.12742 0 
-3 9.2302 -1 0 5.02932 0 
-3 9.28001 -1 0 4.93122 0 
-3 9.32883 -1 0 4.83312 0 
-3 9.37667 -1 0 4.73502 0 
-3 9.42353 -1 0 4.63692 0 
-3 9.46941 -1 0 4.53882 0 
-3 9.51431 -1 0 4.44072 0 
-3 9.55822 -1 0 4.34262 0 
-3 9.60116 -1 0 4.24452 0 
-3 9.64311 -1 0 4.14642 0 
-3 9.68409 -1 0 4.04832 0 
-3 9.72408 -1 0 3.95022 0 
-3 9.76309 -1 0 3.85212 0 
-3 9.80112 -1 0 3.75402 0 
-3 9.83817 -1 0 3.65592 0 
-3 9.87424 -1 0 3.55782 0 
-3 9.90933 -1 0 3.45972 0 
-3 9.94343 -1 0 3.36162 0 
-3 9.97656 -1 0 3.26352 0 
-3 10.0087 -1 0 3.16542 0 
-3 10.0399 -1 0 3.06732 0 
-3 10.0701 -1 0 2.96922 0 
-3 10.0993 -1 0 2.87112 0 
-3 10.1275 -1 0 2.77302 0 
-3 10.1547 -1 0 2.67492 0 
-3 10.181 -1 0 2.57682 0 
-3 10.2062 -1 0 2.47872 0 
-3 10.2305 -1 0 2.38062 0 
-3 10.2539 -1 0 2.28252 0 
-3 10.2762 -1 0 2.18442 0 
-3 10.2976 -1 0 2.08632 0 
-3 10.3179 -1 0 1.98822 0 
-3 10.3373 -1 0 1.89012 0 
-3 10.3557 -1 0 1.79202 0 
-3 10.3732 -1 0 1.69392 0 
-3 10.3896 -1 0 1.59582 0 
-3 10.4051 -1 0 1.49772 0 
-3 10.4196 -1 0 1.39962 0 
-3 10.4331 -1 0 1.30152 0 
-3 10.4456 -1 0 1.20342 0 
-3 10.4571 -1 0 1.10532 0 
-3 10.4677 -1 0 1.00722 0 
-3 10.4773 -1 0 0.909118 0 
-3 10.4859 -1 0 0.811018 0 
-3 10.4935 -1 0 0.712918 0 
-3 10.5001 -1 0 0.614818 0 
-3 10.5058 -1 0 0.516718 0 
-3 10.5105 -1 0 0.418618 0 
-3 10.5142 -1 0 0.320518 0 
-3 10.5169 -1 0 0.222418 0 
-3 10.5186 -1 0 0.124318 0 
-3 10.5194 -1 0 0.0262181 0 
-3 10.5191 -1 0 -0.0718819 0 
-3 10.5179 -1 0 -0.169982 0 
-3 10.5157 -1 0 -0.268082 0 
-3 10.5126 -1 0 -0.366182 0 
-3 10.5084 -1 0 -0.464282 0 
-3 10.5033 -1 0 -0.562382 0 
-3 10.4972 -1 0 -0.660482 0 
-3 10.4901 -1 0 -0.758582 0 
-3 10.482 -1 0 -0.856682 0 
-3 10.4729 -1 0 -0.954782 0 
-3 10.4629 -1 0 -1.05288 0 
-3 10.4519 -1 0 -1.15098 0 
-3 10.4399 -1 0 -1.24908 0 
-3 10.4269 -1 0 -1.34718 0 
-3 10.4129 -1 0 -1.44528 0 
-3 10.398 -1 0 -1.54338 0 
-3 10.3821 -1 0 -1.64148 0 
-3 10.3652 -1 0 -1.73958 0 
-3 10.3473 -1 0 -1.83768 0 
-3 10.3284 -1 0 -1.93578 0 
-3 10.3086 -1 0 -2.03388 0 
-3 10.2877 -1 0 -2.13198 0 
-3 10.2659 -1 0 -2.23008 0 
-3 10.2431 -1 0 -2.32818 0 
-3 10.2194 -1 0 -2.42628 0 
-3 10.1946 -1 0 -2.52438 0 
-3 10.1689 -1 0 -2.62248 0 
-3 10.1422 -1 0 -2.72058 0 
-3 10.1145 -1 0 -2.81868 0 
-3 10.0858 -1 0 -2.91678 0 
-3 10.0561 -1 0 -3.01488 0 
-3 10.0255 -1 0 -3.11298 0 
-3 9.99386 -1 0 -3.21108 0 
-3 9.96126 -1 0 -3.30918 0 
-3 9.92768 -1 0 -3.40728 0 
-3 9.89312 -1 0 -3.50538 0 
-3 9.85757 -1 0 -3.60348 0 
-3 9.82105 -1 0 -3.70158 0 
-3 9.78354 -1 0 -3.79968 0 
-3 9.74505 -1 0 -3.89778 0 
-3 9.70559 -1 0 -3.99588 0 
-3 9.66514 -1 0 -4.09398 0 
-3 9.62371 -1 0 -4.19208 0 
-3 9.58129 -1 0 -4.29018 0 
-3 9.5379 -1 0 -4.38828 0 
-3 9.49353 -1 0 -4.48638 0 
-3 9.44817 -1 0 -4.58448 0 
-3 9.40184 -1 0 -4.68258 0 
-3 9.35452 -1 0 -4.78068 0 
-3 9.30623 -1 0 -4.87878 0 
-3 9.25695 -1 0 -4.97688 0 
-3 9.20669 -1 0 -5.07498 0 
-3 9.15545 -1 0 -5.17308 0 
-3 9.10323 -1 0 -5.27118 0 
-3 9.05002 -1 0 -5.36928 0 
-3 8.99584 -1 0 -5.46738 0 
-3 8.94068 -1 0 -5.56548 0 
-3 8.88453 -1 0 -5.66358 0 
-3 8.8274 -1 0 -5.76168 0 
-3 8.7693 -1 0 -5.85978 0 
-3 8.71021 -1 0 -5.95788 0 
-3 8.65014 -1 0 -6.05598 0 
-3 8.58909 -1 0 -6.15408 0 
-3 8.52706 -1 0 -6.25218 0 
-3 8.46405 -1 0 -6.35028 0 
-3 8.40005 -1 0 -6.44838 0 
-3 8.33508 -1 0 -6.54648 0 
-3 8.26912 -1 0 -6.64458 0 
-3 8.20219 -1 0 -6.74268 0 
-3 8.13427 -1 0 -6.84078 0 
-3 8.06537 -1 0 -6.93888 0 
-3 7.99549 -1 0 -7.03698 0 
-3 7.92463 -1 0 -7.13508 0 
-3 7.85279 -1 0 -7.23318 0 
-3 7.77997 -1 0 -7.33128 0 
-3 7.70616 -1 0 -7.42938 0 
-3 7.63138 -1 0 -7.52748 0 
-3 7.55561 -1 0 -7.62558 0 
-3 7.47887 -1 0 -7.72368 0 
-3 7.40114 -1 0 -7.82178 0 
-3 7.32243 -1 0 -7.91988 0 
-3 7.24274 -1 0 -8.01798 0 
-3 7.16207 -1 0 -8.11608 0 
-3 7.08042 -1 0 -8.21418 0 
-3 6.99779 -1 0 -8.31228 0 
-3 6.91418 -1 0 -8.41038 0 
-3 6.82958 -1 0 -8.50848 0 
-3 6.74401 -1 0 -8.60658 0 
-3 6.65745 -1 0 -8.70468 0 
-3 6.56991 -1 0 -8.80278 0 
-3 6.48139 -1 0 -8.90088 0 
-3 6.3919 -1 0 -8.99898 0 
-3 6.30142 -1 0 -9.09708 0 
-3 6.20995 -1 0 -9.19518 0 
-3 6.11751 -1 0 -9.29328 0 
-3 6.02409 -1 0 -9.39138 0 
-3 5.92968 -1 0 -9.48948 0 
-3 5.8343 -1 0 -9.58758 0 
-3 5.73793 -1 0 -9.68568 0 
-3 5.64058 -1 0 -9.78378 0 
-3 5.54226 -1 0 -9.88188 0 
-3 5.44295 -1 0 -9.97998 0 
-3 5.34266 -1 0 -10.0781 0 
-3 5.24139 -1 0 -10.1762 0 
-3 5.13913 -1 0 -10.2743 0 
-3 5.0359 -1 0 -10.3724 0 
-3 4.93169 -1 0 -10.4705 0 
-3 4.82649 -1 0 -10.5686 0 
-3 4.72031 -1 0 -10.6667 0 
-3 4.61316 -1 0 -10.7648 0 
-3 4.50502 -1 0 -10.8629 0 
-3 4.3959 -1 0 -10.961 0 
-3 4.2858 -1 0 -11.0591 0 
-3 4.17472 -1 0 -11.1572 0 
-3 4.06266 -1 0 -11.2553 0 
-3 3.94961 -1 0 -11.3534 0 
-3 3.83559 -1 0 -11.4515 0 
-3 3.72058 -1 0 -11.5496 0 
-3 3.6046 -1 0 -11.6477 0 
-3 3.48763 -1 0 -11.7458 0 
-3 3.36968 -1 0 -11.8439 0 
-3 3.25075 -1 0 -11.942 0 
-3 3.13084 -1 0 -12.0401 0 
-3 3.00995 -1 0 -12.1382 0 
-3 2.88808 -1 0 -12.2363 0 
-3 2.76522 -1 0 -12.3344 0 
-3 2.64139 -1 0 -12.4325 0 
-3 2.51657 -1 0 -12.5306 0 
-3 2.39078 -1 0 -12.6287 0 
-3 2.264 -1 0 -12.7268 0 
-3 2.13624 -1 0 -12.8249 0 
-3 2.0075 -1 0 -12.923 0 
-3 1.87778 -1 0 -13.0211 0 
-3 1.74708 -1 0 -13.1192 0 
-3 1.6154 -1 0 -13.2173 0 
-3 1.48274 -1 0 -13.3154 0 
-3 1.34909 -1 0 -13.4135 0 
-3 1.21447 -1 0 -13.5116 0 
-3 1.07886 -1 0 -13.6097 0 
-3 1.05734 -1 0 13.6252 0 
-3 1.19311 -1 0 13.5271 0 
-3 1.32789 -1 0 13.429 0 
-3 1.46168 -1 0 13.3309 0 
-3 1.5945 -1 0 13.2328 0 
-3 1.72634 -1 0 13.1347 0 
-3 1.8572 -1 0 13.0366 0 
-3 1.98707 -1 0 12.9385 0 
-3 2.11597 -1 0 12.8404 0 
-3 2.24388 -1 0 12.7423 0 
-3 2.37081 -1 0 12.6442 0 
-3 2.49676 -1 0 12.5461 0 
-3 2.62173 -1 0 12.448 0 
-3 2.74572 -1 0 12.3499 0 
-3 2.86873 -1 0 12.2518 0 
-3 2.99076 -1 0 12.1537 0 
-3 3.11181 -1 0 12.0556 0 
-3 3.23187 -1 0 11.9575 0 
-3 3.35095 -1 0 11.8594 0 
-3 3.46906 -1 0 11.7613 0 
-3 3.58618 -1 0 11.6632 0 
-3 3.70232 -1 0 11.5651 0 
-3 3.81748 -1 0 11.467 0 
-3 3.93166 -1 0 11.3689 0 
-3 4.04486 -1 0 11.2708 0 
-3 4.15708 -1 0 11.1727 0 
-3 4.26831 -1 0 11.0746 0 
-3 4.37857 -1 0 10.9765 0 
-3 4.48784 -1 0 10.8784 0 
-3 4.59614 -1 0 10.7803 0 
-3 4.70345 -1 0 10.6822 0 
-3 4.80978 -1 0 10.5841 0 
-3 4.91513 -1 0 10.486 0 
-3 5.0195 -1 0 10.3879 0 
-3 5.12289 -1 0 10.2898 0 
-3 5.2253 -1 0 10.1917 0 
-3 5.32672 -1 0 10.0936 0 
-3 5.42717 -1 0 9.99548 0 
-3 5.52663 -1 0 9.89738 0 
-3 5.62511 -1 0 9.79928 0 
-3 5.72262 -1 0 9.70118 0 
-3 5.81914 -1 0 9.60308 0 
-3 5.91468 -1 0 9.50498 0 
-3 6.00924 -1 0 9.40688 0 
-3 6.10282 -1 0 9.30878 0 
-3 6.19541 -1 0 9.21068 0 
-3 6.28703 -1 0 9.11258 0 
-3 6.37766 -1 0 9.01448 0 
-3 6.46732 -1 0 8.91638 0 
-3 6.55599 -1 0 8.81828 0 
-3 6.64368 -1 0 8.72018 0 
-3 6.7304 -1 0 8.62208 0 
-3 6.81613 -1 0 8.52398 0 
-3 6.90088 -1 0 8.42588 0 
-3 6.98464 -1 0 8.32778 0 
-3 7.06743 -1 0 8.22968 0 
-3 7.14924 -1 0 8.13158 0 
-3 7.23006 -1 0 8.03348 0 
-3 7.30991 -1 0 7.93538 0 
-3 7.38877 -1 0 7.83728 0 
-3 7.46665 -1 0 7.73918 0 
-3 7.54355 -1 0 7.64108 0 
-3 7.61947 -1 0 7.54298 0 
-3 7.69441 -1 0 7.44488 0 
-3 7.76837 -1 0 7.34678 0 
-3 7.84135 -1 0 7.24868 0 
-3 7.91335 -1 0 7.15058 0 
-3 7.98436 -1 0 7.05248 0 
-3 8.0544 -1 0 6.95438 0 
-3 8.12345 -1 0 6.85628 0 
-3 8.19152 -1 0 6.75818 0 
-3 8.25861 -1 0 6.66008 0 
-3 8.32472 -1 0 6.56198 0 
-3 8.38985 -1 0 6.46388 0 
-3 8.454 -1 0 6.36578 0 
-3 8.51717 -1 0 6.26768 0 
-3 8.57935 -1 0 6.16958 0 
-3 8.64056 -1 0 6.07148 0 
-3 8.70078 -1 0 5.97338 0 
-3 8.76003 -1 0 5.87528 0 
-3 8.81829 -1 0 5.77718 0 
-3 8.87557 -1 0 5.67908 0 
-3 8.93187 -1 0 5.58098 0 
-3 8.98719 -1 0 5.48288 0 
-3 9.04153 -1 0 5.38478 0 
-3 9.09489 -1 0 5.28668 0 
-3 9.14726 -1 0 5.18858 0 
-3 9.19866 -1 0 5.09048 0 
-3 9.24907 -1 0 4.99238 0 
-3 9.29851 -1 0 4.89428 0 
-3 9.34696 -1 0 4.79618 0 
-3 9.39443 -1 0 4.69808 0 
-3 9.44092 -1 0 4.59998 0 
-3 9.48643 -1 0 4.50188 0 
-3 9.53096 -1 0 4.40378 0 
-3 9.5745 -1 0 4.30568 0 
-3 9.61707 -1 0 4.20758 0 
-3 9.65866 -1 0 4.10948 0 
-3 9.69926 -1 0 4.01138 0 
-3 9.73888 -1 0 3.91328 0 
-3 9.77753 -1 0 3.81518 0 
-3 9.81519 -1 0 3.71708 0 
-3 9.85187 -1 0 3.61898 0 
-3 9.88757 -1 0 3.52088 0 
-3 9.92228 -1 0 3.42278 0 
-3 9.95602 -1 0 3.32468 0 
-3 9.98878 -1 0 3.22658 0 
-3 10.0206 -1 0 3.12848 0 
-3 10.0513 -1 0 3.03038 0 
-3 10.0812 -1 0 2.93228 0 
-3 10.11 -1 0 2.83418 0 
-3 10.1378 -1 0 2.73608 0 
-3 10.1647 -1 0 2.63798 0 
-3 10.1906 -1 0 2.53988 0 
-3 10.2155 -1 0 2.44178 0 
-3 10.2394 -1 0 2.34368 0 
-3 10.2624 -1 0 2.24558 0 
-3 10.2844 -1 0 2.14748 0 
-3 10.3053 -1 0 2.04938 0 
-3 10.3253 -1 0 1.95128 0 
-3 10.3444 -1 0 1.85318 0 
-3 10.3624 -1 0 1.75508 0 
-3 10.3795 -1 0 1.65698 0 
-3 10.3955 -1 0 1.55888 0 
-3 10.4106 -1 0 1.46078 0 
-3 10.4248 -1 0 1.36268 0 
-3 10.4379 -1 0 1.26458 0 
-3 10.4501 -1 0 1.16648 0 
-3 10.4612 -1 0 1.06838 0 
-3 10.4714 -1 0 0.970282 0 
-3 10.4806 -1 0 0.872182 0 
-3 10.4889 -1 0 0.774082 0 
-3 10.4961 -1 0 0.675982 0 
-3 10.5024 -1 0 0.577882 0 
-3 10.5077 -1 0 0.479782 0 
-3 10.512 -1 0 0.381682 0 
-3 10.5153 -1 0 0.283582 0 
-3 10.5176 -1 0 0.185482 0 
-3 10.519 -1 0 0.0873817 0 
-3 10.5194 -1 0 -0.0107183 0 
-3 10.5188 -1 0 -0.108818 0 
-3 10.5172 -1 0 -0.206918 0 
-3 10.5147 -1 0 -0.305018 0 
-3 10.5111 -1 0 -0.403118 0 
-3 10.5066 -1 0 -0.501218 0 
-3 10.5011 -1 0 -0.599318 0 
-3 10.4946 -1 0 -0.697418 0 
-3 10.4871 -1 0 -0.795518 0 
-3 10.4787 -1 0 -0.893618 0 
-3 10.4693 -1 0 -0.991718 0 
-3 10.4589 -1 0 -1.08982 0 
-3 10.4475 -1 0 -1.18792 0 
-3 10.4351 -1 0 -1.28602 0 
-3 10.4218 -1 0 -1.38412 0 
-3 10.4074 -1 0 -1.48222 0 
-3 10.3921 -1 0 -1.58032 0 
-3 10.3758 -1 0 -1.67842 0 
-3 10.3585 -1 0 -1.77652 0 
-3 10.3403 -1 0 -1.87462 0 
-3 10.3211 -1 0 -1.97272 0 
-3 10.3008 -1 0 -2.07082 0 
-3 10.2796 -1 0 -2.16892 0 
-3 10.2575 -1 0 -2.26702 0 
-3 10.2343 -1 0 -2.36512 0 
-3 10.2102 -1 0 -2.46322 0 
-3 10.185 -1 0 -2.56132 0 
-3 10.1589 -1 0 -2.65942 0 
-3 10.1318 -1 0 -2.75752 0 
-3 10.1038 -1 0 -2.85562 0 
-3 10.0747 -1 0 -2.95372 0 
-3 10.0447 -1 0 -3.05182 0 
-3 10.0137 -1 0 -3.14992 0 
-3 9.9817 -1 0 -3.24802 0 
-3 9.94873 -1 0 -3.34612 0 
-3 9.91478 -1 0 -3.44422 0 
-3 9.87985 -1 0 -3.54232 0 
-3 9.84394 -1 0 -3.64042 0 
-3 9.80704 -1 0 -3.73852 0 
-3 9.76917 -1 0 -3.83662 0 
-3 9.73031 -1 0 -3.93472 0 
-3 9.69047 -1 0 -4.03282 0 
-3 9.64965 -1 0 -4.13092 0 
-3 9.60785 -1 0 -4.22902 0 
-3 9.56507 -1 0 -4.32712 0 
-3 9.52131 -1 0 -4.42522 0 
-3 9.47657 -1 0 -4.52332 0 
-3 9.43084 -1 0 -4.62142 0 
-3 9.38414 -1 0 -4.71952 0 
-3 9.33645 -1 0 -4.81762 0 
-3 9.28779 -1 0 -4.91572 0 
-3 9.23814 -1 0 -5.01382 0 
-3 9.18751 -1 0 -5.11192 0 
-3 9.1359 -1 0 -5.21002 0 
-3 9.08331 -1 0 -5.30812 0 
-3 9.02974 -1 0 -5.40622 0 
-3 8.97519 -1 0 -5.50432 0 
-3 8.91965 -1 0 -5.60242 0 
-3 8.86314 -1 0 -5.70052 0 
-3 8.80564 -1 0 -5.79862 0 
-3 8.74716 -1 0 -5.89672 0 
-3 8.68771 -1 0 -5.99482 0 
-3 8.62727 -1 0 -6.09292 0 
-3 8.56585 -1 0 -6.19102 0 
-3 8.50345 -1 0 -6.28912 0 
-3 8.44007 -1 0 -6.38722 0 
-3 8.3757 -1 0 -6.48532 0 
-3 8.31036 -1 0 -6.58342 0 
-3 8.24404 -1 0 -6.68152 0 
-3 8.17673 -1 0 -6.77962 0 
-3 8.10844 -1 0 -6.87772 0 
-3 8.03918 -1 0 -6.97582 0 
-3 7.96893 -1 0 -7.07392 0 
-3 7.8977 -1 0 -7.17202 0 
-3 7.82549 -1 0 -7.27012 0 
-3 7.75229 -1 0 -7.36822 0 
-3 7.67812 -1 0 -7.46632 0 
-3 7.60297 -1 0 -7.56442 0 
-3 7.52683 -1 0 -7.66252 0 
-3 7.44972 -1 0 -7.76062 0 
-3 7.37162 -1 0 -7.85872 0 
-3 7.29254 -1 0 -7.95682 0 
-3 7.21248 -1 0 -8.05492 0 
-3 7.13145 -1 0 -8.15302 0 
-3 7.04942 -1 0 -8.25112 0 
-3 6.96642 -1 0 -8.34922 0 
-3 6.88244 -1 0 -8.44732 0 
-3 6.79748 -1 0 -8.54542 0 
-3 6.71153 -1 0 -8.64352 0 
-3 6.62461 -1 0 -8.74162 0 
-3 6.5367 -1 0 -8.83972 0 
-3 6.44781 -1 0 -8.93782 0 
-3 6.35794 -1 0 -9.03592 0 
-3 6.26709 -1 0 -9.13402 0 
-3 6.17526 -1 0 -9.23212 0 
-3 6.08245 -1 0 -9.33022 0 
-3 5.98866 -1 0 -9.42832 0 
-3 5.89388 -1 0 -9.52642 0 
-3 5.79813 -1 0 -9.62452 0 
-3 5.70139 -1 0 -9.72262 0 
-3 5.60368 -1 0 -9.82072 0 
-3 5.50498 -1 0 -9.91882 0 
-3 5.4053 -1 0 -10.0169 0 
-3 5.30464 -1 0 -10.115 0 
-3 5.203 -1 0 -10.2131 0 
-3 5.10038 -1 0 -10.3112 0 
-3 4.99678 -1 0 -10.4093 0 
-3 4.89219 -1 0 -10.5074 0 
-3 4.78663 -1 0 -10.6055 0 
-3 4.68008 -1 0 -10.7036 0 
-3 4.57256 -1 0 -10.8017 0 
-3 4.46405 -1 0 -10.8998 0 
-3 4.35456 -1 0 -10.9979 0 
-3 4.24409 -1 0 -11.096 0 
-3 4.13264 -1 0 -11.1941 0 
-3 4.02021 -1 0 -11.2922 0 
-3 3.90679 -1 0 -11.3903 0 
-3 3.7924 -1 0 -11.4884 0 
-3 3.67703 -1 0 -11.5865 0 
-3 3.56067 -1 0 -11.6846 0 
-3 3.44333 -1 0 -11.7827 0 
-3 3.32502 -1 0 -11.8808 0 
-3 3.20572 -1 0 -11.9789 0 
-3 3.08544 -1 0 -12.077 0 
-3 2.96418 -1 0 -12.1751 0 
-3 2.84194 -1 0 -12.2732 0 
-3 2.71871 -1 0 -12.3713 0 
-3 2.59451 -1 0 -12.4694 0 
-3 2.46932 -1 0 -12.5675 0 
-3 2.34316 -1 0 -12.6656 0 
-3 2.21601 -1 0 -12.7637 0 
-3 2.08788 -1 0 -12.8618 0 
-3 1.95878 -1 0 -12.9599 0 
-3 1.82869 -1 0 -13.058 0 
-3 1.69762 -1 0 -13.1561 0 
-3 1.56556 -1 0 -13.2542 0 
-3 1.43253 -1 0 -13.3523 0 
-3 1.29852 -1 0 -13.4504 0 
-3 1.16352 -1 0 -13.5485 0 
-3 1.02755 -1 0 -13.6466 0 
-3 1.10871 -1 0 13.5882 0 
-3 1.2441 -1 0 13.4901 0 
-3 1.37851 -1 0 13.392 0 
-3 1.51194 -1 0 13.2939 0 
-3 1.64438 -1 0 13.1958 0 
-3 1.77585 -1 0 13.0977 0 
-3 1.90634 -1 0 12.9996 0 
-3 2.03584 -1 0 12.9015 0 
-3 2.16437 -1 0 12.8034 0 
-3 2.29191 -1 0 12.7053 0 
-3 2.41847 -1 0 12.6072 0 
-3 2.54405 -1 0 12.5091 0 
-3 2.66865 -1 0 12.411 0 
-3 2.79227 -1 0 12.3129 0 
-3 2.91491 -1 0 12.2148 0 
-3 3.03657 -1 0 12.1167 0 
-3 3.15724 -1 0 12.0186 0 
-3 3.27694 -1 0 11.9205 0 
-3 3.39565 -1 0 11.8224 0 
-3 3.51338 -1 0 11.7243 0 
-3 3.63014 -1 0 11.6262 0 
-3 3.74591 -1 0 11.5281 0 
-3 3.8607 -1 0 11.43 0 
-3 3.97451 -1 0 11.3319 0 
-3 4.08733 -1 0 11.2338 0 
-3 4.19918 -1 0 11.1357 0 
-3 4.31005 -1 0 11.0376 0 
-3 4.41993 -1 0 10.9395 0 
-3 4.52884 -1 0 10.8414 0 
-3 4.63676 -1 0 10.7433 0 
-3 4.7437 -1 0 10.6452 0 
-3 4.84966 -1 0 10.5471 0 
-3 4.95464 -1 0 10.449 0 
-3 5.05864 -1 0 10.3509 0 
-3 5.16166 -1 0 10.2528 0 
-3 5.2637 -1 0 10.1547 0 
-3 5.36475 -1 0 10.0566 0 
-3 5.46483 -1 0 9.95845 0 
-3 5.56392 -1 0 9.86035 0 
-3 5.66203 -1 0 9.76225 0 
-3 5.75917 -1 0 9.66415 0 
-3 5.85532 -1 0 9.56605 0 
-3 5.95049 -1 0 9.46795 0 
-3 6.04468 -1 0 9.36985 0 
-3 6.13788 -1 0 9.27175 0 
-3 6.23011 -1 0 9.17365 0 
-3 6.32136 -1 0 9.07555 0 
-3 6.41162 -1 0 8.97745 0 
-3 6.50091 -1 0 8.87935 0 
-3 6.58921 -1 0 8.78125 0 
-3 6.67653 -1 0 8.68315 0 
-3 6.76287 -1 0 8.58505 0 
-3 6.84823 -1 0 8.48695 0 
-3 6.93261 -1 0 8.38885 0 
-3 7.01601 -1 0 8.29075 0 
-3 7.09843 -1 0 8.19265 0 
-3 7.17986 -1 0 8.09455 0 
-3 7.26032 -1 0 7.99645 0 
-3 7.33979 -1 0 7.89835 0 
-3 7.41828 -1 0 7.80025 0 
-3 7.4958 -1 0 7.70215 0 
-3 7.57233 -1 0 7.60405 0 
-3 7.64788 -1 0 7.50595 0 
-3 7.72245 -1 0 7.40785 0 
-3 7.79604 -1 0 7.30975 0 
-3 7.86864 -1 0 7.21165 0 
-3 7.94027 -1 0 7.11355 0 
-3 8.01091 -1 0 7.01545 0 
-3 8.08058 -1 0 6.91735 0 
-3 8.14926 -1 0 6.81925 0 
-3 8.21696 -1 0 6.72115 0 
-3 8.28368 -1 0 6.62305 0 
-3 8.34942 -1 0 6.52495 0 
-3 8.41418 -1 0 6.42685 0 
-3 8.47796 -1 0 6.32875 0 
-3 8.54076 -1 0 6.23065 0 
-3 8.60257 -1 0 6.13255 0 
-3 8.66341 -1 0 6.03445 0 
-3 8.72326 -1 0 5.93635 0 
-3 8.78214 -1 0 5.83825 0 
-3 8.84003 -1 0 5.74015 0 
-3 8.89694 -1 0 5.64205 0 
-3 8.95287 -1 0 5.54395 0 
-3 9.00782 -1 0 5.44585 0 
-3 9.06179 -1 0 5.34775 0 
-3 9.11477 -1 0 5.24965 0 
-3 9.16678 -1 0 5.15155 0 
-3 9.2178 -1 0 5.05345 0 
-3 9.26785 -1 0 4.95535 0 
-3 9.31691 -1 0 4.85725 0 
-3 9.36499 -1 0 4.75915 0 
-3 9.41209 -1 0 4.66105 0 
-3 9.45821 -1 0 4.56295 0 
-3 9.50335 -1 0 4.46485 0 
-3 9.54751 -1 0 4.36675 0 
-3 9.59069 -1 0 4.26865 0 
-3 9.63288 -1 0 4.17055 0 
-3 9.6741 -1 0 4.07245 0 
-3 9.71433 -1 0 3.97435 0 
-3 9.75359 -1 0 3.87625 0 
-3 9.79186 -1 0 3.77815 0 
-3 9.82915 -1 0 3.68005 0 
-3 9.86546 -1 0 3.58195 0 
-3 9.90079 -1 0 3.48385 0 
-3 9.93514 -1 0 3.38575 0 
-3 9.9685 -1 0 3.28765 0 
-3 10.0009 -1 0 3.18955 0 
-3 10.0323 -1 0 3.09145 0 
-3 10.0627 -1 0 2.99335 0 
-3 10.0922 -1 0 2.89525 0 
-3 10.1206 -1 0 2.79715 0 
-3 10.1481 -1 0 2.69905 0 
-3 10.1746 -1 0 2.60095 0 
-3 10.2001 -1 0 2.50285 0 
-3 10.2247 -1 0 2.40475 0 
-3 10.2482 -1 0 2.30665 0 
-3 10.2708 -1 0 2.20855 0 
-3 10.2924 -1 0 2.11045 0 
-3 10.313 -1 0 2.01235 0 
-3 10.3326 -1 0 1.91425 0 
-3 10.3513 -1 0 1.81615 0 
-3 10.369 -1 0 1.71805 0 
-3 10.3856 -1 0 1.61995 0 
-3 10.4014 -1 0 1.52185 0 
-3 10.4161 -1 0 1.42375 0 
-3 10.4298 -1 0 1.32565 0 
-3 10.4426 -1 0 1.22755 0 
-3 10.4544 -1 0 1.12945 0 
-3 10.4652 -1 0 1.03135 0 
-3 10.475 -1 0 0.933251 0 
-3 10.4839 -1 0 0.835151 0 
-3 10.4917 -1 0 0.737051 0 
-3 10.4986 -1 0 0.638951 0 
-3 10.5045 -1 0 0.540851 0 
-3 10.5094 -1 0 0.442751 0 
-3 10.5133 -1 0 0.344651 0 
-3 10.5163 -1 0 0.246551 0 
-3 10.5183 -1 0 0.148451 0 
-3 10.5193 -1 0 0.0503507 0 
-3 10.5193 -1 0 -0.0477493 0 
-3 10.5183 -1 0 -0.145849 0 
-3 10.5164 -1 0 -0.243949 0 
-3 10.5134 -1 0 -0.342049 0 
-3 10.5095 -1 0 -0.440149 0 
-3 10.5046 -1 0 -0.538249 0 
-3 10.4988 -1 0 -0.636349 0 
-3 10.4919 -1 0 -0.734449 0 
-3 10.4841 -1 0 -0.832549 0 
-3 10.4753 -1 0 -0.930649 0 
-3 10.4655 -1 0 -1.02875 0 
-3 10.4547 -1 0 -1.12685 0 
-3 10.4429 -1 0 -1.22495 0 
-3 10.4302 -1 0 -1.32305 0 
-3 10.4165 -1 0 -1.42115 0 
-3 10.4018 -1 0 -1.51925 0 
-3 10.3861 -1 0 -1.61735 0 
-3 10.3694 -1 0 -1.71545 0 
-3 10.3518 -1 0 -1.81355 0 
-3 10.3331 -1 0 -1.91165 0 
-3 10.3135 -1 0 -2.00975 0 
-3 10.2929 -1 0 -2.10785 0 
-3 10.2714 -1 0 -2.20595 0 
-3 10.2488 -1 0 -2.30405 0 
-3 10.2253 -1 0 -2.40215 0 
-3 10.2008 -1 0 -2.50025 0 
-3 10.1753 -1 0 -2.59835 0 
-3 10.1488 -1 0 -2.69645 0 
-3 10.1214 -1 0 -2.79455 0 
-3 10.0929 -1 0 -2.89265 0 
-3 10.0635 -1 0 -2.99075 0 
-3 10.0331 -1 0 -3.08885 0 
-3 10.0017 -1 0 -3.18695 0 
-3 9.96937 -1 0 -3.28505 0 
-3 9.93603 -1 0 -3.38315 0 
-3 9.90171 -1 0 -3.48125 0 
-3 9.86641 -1 0 -3.57935 0 
-3 9.83012 -1 0 -3.67745 0 
-3 9.79286 -1 0 -3.77555 0 
-3 9.75461 -1 0 -3.87365 0 
-3 9.71539 -1 0 -3.97175 0 
-3 9.67518 -1 0 -4.06985 0 
-3 9.63399 -1 0 -4.16795 0 
-3 9.59182 -1 0 -4.26605 0 
-3 9.54867 -1 0 -4.36415 0 
-3 9.50454 -1 0 -4.46225 0 
-3 9.45942 -1 0 -4.56035 0 
-3 9.41333 -1 0 -4.65845 0 
-3 9.36625 -1 0 -4.75655 0 
-3 9.3182 -1 0 -4.85465 0 
-3 9.26916 -1 0 -4.95275 0 
-3 9.21914 -1 0 -5.05085 0 
-3 9.16814 -1 0 -5.14895 0 
-3 9.11616 -1 0 -5.24705 0 
-3 9.0632 -1 0 -5.34515 0 
-3 9.00926 -1 0 -5.44325 0 
-3 8.95434 -1 0 -5.54135 0 
-3 8.89843 -1 0 -5.63945 0 
-3 8.84155 -1 0 -5.73755 0 
-3 8.78368 -1 0 -5.83565 0 
-3 8.72484 -1 0 -5.93375 0 
-3 8.66501 -1 0 -6.03185 0 
-3 8.6042 -1 0 -6.12995 0 
-3 8.54241 -1 0 -6.22805 0 
-3 8.47964 -1 0 -6.32615 0 
-3 8.41589 -1 0 -6.42425 0 
-3 8.35115 -1 0 -6.52235 0 
-3 8.28544 -1 0 -6.62045 0 
-3 8.21874 -1 0 -6.71855 0 
-3 8.15107 -1 0 -6.81665 0 
-3 8.08241 -1 0 -6.91475 0 
-3 8.01277 -1 0 -7.01285 0 
-3 7.94215 -1 0 -7.11095 0 
-3 7.87055 -1 0 -7.20905 0 
-3 7.79797 -1 0 -7.30715 0 
-3 7.72441 -1 0 -7.40525 0 
-3 7.64987 -1 0 -7.50335 0 
-3 7.57434 -1 0 -7.60145 0 
-3 7.49784 -1 0 -7.69955 0 
-3 7.42035 -1 0 -7.79765 0 
-3 7.34189 -1 0 -7.89575 0 
-3 7.26244 -1 0 -7.99385 0 
-3 7.18201 -1 0 -8.09195 0 
-3 7.1006 -1 0 -8.19005 0 
-3 7.01821 -1 0 -8.28815 0 
-3 6.93484 -1 0 -8.38625 0 
-3 6.85048 -1 0 -8.48435 0 
-3 6.76515 -1 0 -8.58245 0 
-3 6.67883 -1 0 -8.68055 0 
-3 6.59154 -1 0 -8.77865 0 
-3 6.50326 -1 0 -8.87675 0 
-3 6.414 -1 0 -8.97485 0 
-3 6.32376 -1 0 -9.07295 0 
-3 6.23254 -1 0 -9.17105 0 
-3 6.14034 -1 0 -9.26915 0 
-3 6.04716 -1 0 -9.36725 0 
-3 5.953 -1 0 -9.46535 0 
-3 5.85785 -1 0 -9.56345 0 
-3 5.76173 -1 0 -9.66155 0 
-3 5.66462 -1 0 -9.75965 0 
-3 5.56654 -1 0 -9.85775 0 
-3 5.46747 -1 0 -9.95585 0 
-3 5.36742 -1 0 -10.0539 0 
-3 5.26639 -1 0 -10.152 0 
-3 5.16438 -1 0 -10.2501 0 
-3 5.06139 -1 0 -10.3482 0 
-3 4.95741 -1 0 -10.4463 0 
-3 4.85246 -1 0 -10.5444 0 
-3 4.74652 -1 0 -10.6425 0 
-3 4.63961 -1 0 -10.7406 0 
-3 4.53171 -1 0 -10.8387 0 
-3 4.42283 -1 0 -10.9368 0 
-3 4.31297 -1 0 -11.0349 0 
-3 4.20213 -1 0 -11.133 0 
-3 4.09031 -1 0 -11.2311 0 
-3 3.97751 -1 0 -11.3292 0 
-3 3.86373 -1 0 -11.4273 0 
-3 3.74896 -1 0 -11.5254 0 
-3 3.63322 -1 0 -11.6235 0 
-3 3.51649 -1 0 -11.7216 0 
-3 3.39879 -1 0 -11.8197 0 
-3 3.2801 -1 0 -11.9178 0 
-3 3.16043 -1 0 -12.0159 0 
-3 3.03978 -1 0 -12.114 0 
-3 2.91815 -1 0 -12.2121 0 
-3 2.79554 -1 0 -12.3102 0 
-3 2.67194 -1 0 -12.4083 0 
-3 2.54737 -1 0 -12.5064 0 
-3 2.42181 -1 0 -12.6045 0 
-3 2.29528 -1 0 -12.7026 0 
-3 2.16776 -1 0 -12.8007 0 
-3 2.03926 -1 0 -12.8988 0 
-3 1.90978 -1 0 -12.9969 0 
-3 1.77932 -1 0 -13.095 0 
-3 1.64788 -1 0 -13.1931 0 
-3 1.51546 -1 0 -13.2912 0 
-3 1.38206 -1 0 -13.3893 0 
-3 1.24767 -1 0 -13.4874 0 
-3 1.11231 -1 0 -13.5855 0 
-3 1.0238 -1 0 13.6493 0 
-3 1.1598 -1 0 13.5512 0 
-3 1.29482 -1 0 13.4531 0 
-3 1.42886 -1 0 13.355 0 
-3 1.56192 -1 0 13.2569 0 
-3 1.694 -1 0 13.1588 0 
-3 1.8251 -1 0 13.0607 0 
-3 1.95521 -1 0 12.9626 0 
-3 2.08435 -1 0 12.8645 0 
-3 2.2125 -1 0 12.7664 0 
-3 2.33968 -1 0 12.6683 0 
-3 2.46587 -1 0 12.5702 0 
-3 2.59108 -1 0 12.4721 0 
-3 2.71531 -1 0 12.374 0 
-3 2.83856 -1 0 12.2759 0 
-3 2.96083 -1 0 12.1778 0 
-3 3.08212 -1 0 12.0797 0 
-3 3.20243 -1 0 11.9816 0 
-3 3.32175 -1 0 11.8835 0 
-3 3.4401 -1 0 11.7854 0 
-3 3.55746 -1 0 11.6873 0 
-3 3.67384 -1 0 11.5892 0 
-3 3.78924 -1 0 11.4911 0 
-3 3.90366 -1 0 11.393 0 
-3 4.0171 -1 0 11.2949 0 
-3 4.12956 -1 0 11.1968 0 
-3 4.24104 -1 0 11.0987 0 
-3 4.35154 -1 0 11.0006 0 
-3 4.46105 -1 0 10.9025 0 
-3 4.56959 -1 0 10.8044 0 
-3 4.67714 -1 0 10.7063 0 
-3 4.78371 -1 0 10.6082 0 
-3 4.8893 -1 0 10.5101 0 
-3 4.99392 -1 0 10.412 0 
-3 5.09755 -1 0 10.3139 0 
-3 5.20019 -1 0 10.2158 0 
-3 5.30186 -1 0 10.1177 0 
-3 5.40255 -1 0 10.0196 0 
-3 5.50225 -1 0 9.92151 0 
-3 5.60098 -1 0 9.82341 0 
-3 5.69872 -1 0 9.72531 0 
-3 5.79548 -1 0 9.62721 0 
-3 5.89127 -1 0 9.52911 0 
-3 5.98607 -1 0 9.43101 0 
-3 6.07989 -1 0 9.33291 0 
-3 6.17273 -1 0 9.23481 0 
-3 6.26458 -1 0 9.13671 0 
-3 6.35546 -1 0 9.03861 0 
-3 6.44536 -1 0 8.94051 0 
-3 6.53427 -1 0 8.84241 0 
-3 6.6222 -1 0 8.74431 0 
-3 6.70916 -1 0 8.64621 0 
-3 6.79513 -1 0 8.54811 0 
-3 6.88012 -1 0 8.45001 0 
-3 6.96413 -1 0 8.35191 0 
-3 7.04716 -1 0 8.25381 0 
-3 7.1292 -1 0 8.15571 0 
-3 7.21027 -1 0 8.05761 0 
-3 7.29036 -1 0 7.95951 0 
-3 7.36946 -1 0 7.86141 0 
-3 7.44758 -1 0 7.76331 0 
-3 7.52473 -1 0 7.66521 0 
-3 7.60089 -1 0 7.56711 0 
-3 7.67607 -1 0 7.46901 0 
-3 7.75027 -1 0 7.37091 0 
-3 7.82349 -1 0 7.27281 0 
-3 7.89573 -1 0 7.17471 0 
-3 7.96698 -1 0 7.07661 0 
-3 8.03726 -1 0 6.97851 0 
-3 8.10655 -1 0 6.88041 0 
-3 8.17487 -1 0 6.78231 0 
-3 8.2422 -1 0 6.68421 0 
-3 8.30855 -1 0 6.58611 0 
-3 8.37392 -1 0 6.48801 0 
-3 8.43831 -1 0 6.38991 0 
-3 8.50172 -1 0 6.29181 0 
-3 8.56415 -1 0 6.19371 0 
-3 8.62559 -1 0 6.09561 0 
-3 8.68606 -1 0 5.99751 0 
-3 8.74554 -1 0 5.89941 0 
-3 8.80405 -1 0 5.80131 0 
-3 8.86157 -1 0 5.70321 0 
-3 8.91811 -1 0 5.60511 0 
-3 8.97367 -1 0 5.50701 0 
-3 9.02825 -1 0 5.40891 0 
-3 9.08185 -1 0 5.31081 0 
-3 9.13447 -1 0 5.21271 0 
-3 9.18611 -1 0 5.11461 0 
-3 9.23676 -1 0 5.01651 0 
-3 9.28644 -1 0 4.91841 0 
-3 9.33513 -1 0 4.82031 0 
-3 9.38284 -1 0 4.72221 0 
-3 9.42957 -1 0 4.62411 0 
-3 9.47532 -1 0 4.52601 0 
-3 9.52009 -1 0 4.42791 0 
-3 9.56388 -1 0 4.32981 0 