Unnamed Unnamed2
-2.53956 0 0 4 0 0 0 0 0 -2 0 0 
-2.49956 0 0 4 0 0 -0.02 0 0 -2 0 0 
-2.45956 0 0 4 0 0 -0.04 0 0 -2 0 0 
-2.41956 0 0 4 0 0 -0.06 0 0 -2 0 0 
-2.37956 0 0 4 0 0 -0.08 0 0 -2 0 0 
-2.33956 0 0 4 0 0 -0.1 0 0 -2 0 0 
-2.29956 0 0 4 0 0 -0.12 0 0 -2 0 0 
-2.25956 0 0 4 0 0 -0.14 0 0 -2 0 0 
-2.21956 0 0 4 0 0 -0.16 0 0 -2 0 0 
-2.17993 0 0 -1.4 0 0 -0.179748 0 0 1.6 0 0 
-2.19393 0 0 -1.4 0 0 -0.163748 0 0 1.6 0 0 
-2.20793 0 0 -1.4 0 0 -0.147748 0 0 1.6 0 0 
-2.22193 0 0 -1.4 0 0 -0.131748 0 0 1.6 0 0 
-2.23593 0 0 -1.4 0 0 -0.115748 0 0 1.6 0 0 
-2.24993 0 0 -1.4 0 0 -0.099748 0 0 1.6 0 0 
-2.26393 0 0 -1.4 0 0 -0.083748 0 0 1.6 0 0 
-2.27793 0 0 -1.4 0 0 -0.067748 0 0 1.6 0 0 
-2.29193 0 0 -1.4 0 0 -0.051748 0 0 1.6 0 0 
-2.30593 0 0 -1.4 0 0 -0.035748 0 0 1.6 0 0 
-2.31993 0 0 -1.4 0 0 -0.019748 0 0 1.6 0 0 
-2.33393 0 0 -1.4 0 0 -0.003748 0 0 1.6 0 0 
-2.34793 0 0 -1.4 0 0 0.012252 0 0 1.6 0 0 
-2.36193 0 0 -1.4 0 0 0.028252 0 0 1.6 0 0 
-2.37593 0 0 -1.4 0 0 0.044252 0 0 1.6 0 0 
-2.38993 0 0 -1.4 0 0 0.060252 0 0 1.6 0 0 
-2.40393 0 0 -1.4 0 0 0.076252 0 0 1.6 0 0 
-2.41793 0 0 -1.4 0 0 0.092252 0 0 1.6 0 0 
-2.43193 0 0 -1.4 0 0 0.108252 0 0 1.6 0 0 
-2.44593 0 0 -1.4 0 0 0.124252 0 0 1.6 0 0 
-2.45993 0 0 -1.4 0 0 0.140252 0 0 1.6 0 0 
-2.47393 0 0 -1.4 0 0 0.156252 0 0 1.6 0 0 
-2.48793 0 0 -1.4 0 0 0.172252 0 0 1.6 0 0 
-2.50193 0 0 -1.4 0 0 0.188252 0 0 1.6 0 0 
-2.51593 0 0 -1.4 0 0 0.204252 0 0 1.6 0 0 
-2.52993 0 0 -1.4 0 0 0.220252 0 0 1.6 0 0 
-2.54393 0 0 -1.4 0 0 0.236252 0 0 1.6 0 0 
-2.55793 0 0 -1.4 0 0 0.252252 0 0 1.6 0 0 
-2.57193 0 0 -1.4 0 0 0.268252 0 0 1.6 0 0 
-2.58593 0 0 -1.4 0 0 0.284252 0 0 1.6 0 0 
-2.59993 0 0 -1.4 0 0 0.300252 0 0 1.6 0 0 
-2.61393 0 0 -1.4 0 0 0.316252 0 0 1.6 0 0 
-2.62793 0 0 -1.4 0 0 0.332252 0 0 1.6 0 0 
-2.64193 0 0 -1.4 0 0 0.348252 0 0 1.6 0 0 
-2.65593 0 0 -1.4 0 0 0.364252 0 0 1.6 0 0 
-2.66993 0 0 -1.4 0 0 0.380252 0 0 1.6 0 0 
-2.68393 0 0 -1.4 0 0 0.396252 0 0 1.6 0 0 
-2.69793 0 0 -1.4 0 0 0.412252 0 0 1.6 0 0 
-2.71193 0 0 -1.4 0 0 0.428252 0 0 1.6 0 0 
-2.72593 0 0 -1.4 0 0 0.444252 0 0 1.6 0 0 
-2.73993 0 0 -1.4 0 0 0.460252 0 0 1.6 0 0 
-2.75393 0 0 -1.4 0 0 0.476252 0 0 1.6 0 0 
-2.76793 0 0 -1.4 0 0 0.492252 0 0 1.6 0 0 
-2.78193 0 0 -1.4 0 0 0.508252 0 0 1.6 0 0 
-2.79593 0 0 -1.4 0 0 0.524252 0 0 1.6 0 0 
-2.80993 0 0 -1.4 0 0 0.540252 0 0 1.6 0 0 
-2.82393 0 0 -1.4 0 0 0.556252 0 0 1.6 0 0 
-2.83793 0 0 -1.4 0 0 0.572252 0 0 1.6 0 0 
-2.85193 0 0 -1.4 0 0 0.588252 0 0 1.6 0 0 
-2.86593 0 0 -1.4 0 0 0.604252 0 0 1.6 0 0 
-2.87993 0 0 -1.4 0 0 0.620252 0 0 1.6 0 0 
-2.89393 0 0 -1.4 0 0 0.636252 0 0 1.6 0 0 
-2.90793 0 0 -1.4 0 0 0.652252 0 0 1.6 0 0 
-2.92193 0 0 -1.4 0 0 0.668252 0 0 1.6 0 0 
-2.93593 0 0 -1.4 0 0 0.684252 0 0 1.6 0 0 
-2.94993 0 0 -1.4 0 0 0.700252 0 0 1.6 0 0 
-2.96393 0 0 -1.4 0 0 0.716252 0 0 1.6 0 0 
-2.97793 0 0 -1.4 0 0 0.732252 0 0 1.6 0 0 
-2.99193 0 0 -1.4 0 0 0.748252 0 0 1.6 0 0 
-3.00593 0 0 -1.4 0 0 0.764252 0 0 1.6 0 0 
-3.01993 0 0 -1.4 0 0 0.780252 0 0 1.6 0 0 
-3.03393 0 0 -1.4 0 0 0.796252 0 0 1.6 0 0 
-3.04793 0 0 -1.4 0 0 0.812252 0 0 1.6 0 0 
-3.06193 0 0 -1.4 0 0 0.828252 0 0 1.6 0 0 
-3.07593 0 0 -1.4 0 0 0.844252 0 0 1.6 0 0 
-3.08993 0 0 -1.4 0 0 0.860252 0 0 1.6 0 0 
-3.10393 0 0 -1.4 0 0 0.876252 0 0 1.6 0 0 
-3.11793 0 0 -1.4 0 0 0.892252 0 0 1.6 0 0 
-3.13193 0 0 -1.4 0 0 0.908252 0 0 1.6 0 0 
-3.14593 0 0 -1.4 0 0 0.924252 0 0 1.6 0 0 
-3.15993 0 0 -1.4 0 0 0.940252 0 0 1.6 0 0 
-3.17393 0 0 -1.4 0 0 0.956252 0 0 1.6 0 0 
-3.18793 0 0 -1.4 0 0 0.972252 0 0 1.6 0 0 
-3.20193 0 0 -1.4 0 0 0.988252 0 0 1.6 0 0 
-3.21593 0 0 -1.4 0 0 1.00425 0 0 1.6 0 0 
-3.22993 0 0 -1.4 0 0 1.02025 0 0 1.6 0 0 
-3.24393 0 0 -1.4 0 0 1.03625 0 0 1.6 0 0 
-3.25793 0 0 -1.4 0 0 1.05225 0 0 1.6 0 0 
-3.27193 0 0 -1.4 0 0 1.06825 0 0 1.6 0 0 
-3.28593 0 0 -1.4 0 0 1.08425 0 0 1.6 0 0 
-3.29993 0 0 -1.4 0 0 1.10025 0 0 1.6 0 0 
-3.31393 0 0 -1.4 0 0 1.11625 0 0 1.6 0 0 
-3.32793 0 0 -1.4 0 0 1.13225 0 0 1.6 0 0 
-3.34193 0 0 -1.4 0 0 1.14825 0 0 1.6 0 0 
-3.35593 0 0 -1.4 0 0 1.16425 0 0 1.6 0 0 
-3.36993 0 0 -1.4 0 0 1.18025 0 0 1.6 0 0 
-3.38393 0 0 -1.4 0 0 1.19625 0 0 1.6 0 0 
-3.39793 0 0 -1.4 0 0 1.21225 0 0 1.6 0 0 
-3.41193 0 0 -1.4 0 0 1.22825 0 0 1.6 0 0 
-3.42593 0 0 -1.4 0 0 1.24425 0 0 1.6 0 0 
-3.43993 0 0 -1.4 0 0 1.26025 0 0 1.6 0 0 
-3.45393 0 0 -1.4 0 0 1.27625 0 0 1.6 0 0 
-3.46793 0 0 -1.4 0 0 1.29225 0 0 1.6 0 0 
-3.48193 0 0 -1.4 0 0 1.30825 0 0 1.6 0 0 
-3.49593 0 0 -1.4 0 0 1.32425 0 0 1.6 0 0 
-3.50993 0 0 -1.4 0 0 1.34025 0 0 1.6 0 0 
-3.52393 0 0 -1.4 0 0 1.35625 0 0 1.6 0 0 
-3.53793 0 0 -1.4 0 0 1.37225 0 0 1.6 0 0 
-3.55193 0 0 -1.4 0 0 1.38825 0 0 1.6 0 0 
-3.56593 0 0 -1.4 0 0 1.40425 0 0 1.6 0 0 
-3.57993 0 0 -1.4 0 0 1.42025 0 0 1.6 0 0 
-3.59393 0 0 -1.4 0 0 1.43625 0 0 1.6 0 0 
-3.60793 0 0 -1.4 0 0 1.45225 0 0 1.6 0 0 
-3.62193 0 0 -1.4 0 0 1.46825 0 0 1.6 0 0 
-3.63593 0 0 -1.4 0 0 1.48425 0 0 1.6 0 0 
-3.64993 0 0 -1.4 0 0 1.50025 0 0 1.6 0 0 
-3.66393 0 0 -1.4 0 0 1.51625 0 0 1.6 0 0 
-3.67793 0 0 -1.4 0 0 1.53225 0 0 1.6 0 0 
-3.69193 0 0 -1.4 0 0 1.54825 0 0 1.6 0 0 
-3.70593 0 0 -1.4 0 0 1.56425 0 0 1.6 0 0 
-3.71993 0 0 -1.4 0 0 1.58025 0 0 1.6 0 0 
-3.73393 0 0 -1.4 0 0 1.59625 0 0 1.6 0 0 
-3.74793 0 0 -1.4 0 0 1.61225 0 0 1.6 0 0 
-3.76193 0 0 -1.4 0 0 1.62825 0 0 1.6 0 0 
-3.77593 0 0 -1.4 0 0 1.64425 0 0 1.6 0 0 
-3.78993 0 0 -1.4 0 0 1.66025 0 0 1.6 0 0 
-3.80393 0 0 -1.4 0 0 1.67625 0 0 1.6 0 0 
-3.81793 0 0 -1.4 0 0 1.69225 0 0 1.6 0 0 
-3.83193 0 0 -1.4 0 0 1.70825 0 0 1.6 0 0 
-3.84593 0 0 -1.4 0 0 1.72425 0 0 1.6 0 0 
-3.85993 0 0 -1.4 0 0 1.74025 0 0 1.6 0 0 
-3.87393 0 0 -1.4 0 0 1.75625 0 0 1.6 0 0 
-3.88793 0 0 -1.4 0 0 1.77225 0 0 1.6 0 0 
-3.90193 0 0 -1.4 0 0 1.78825 0 0 1.6 0 0 
-3.91593 0 0 -1.4 0 0 1.80425 0 0 1.6 0 0 
-3.92993 0 0 -1.4 0 0 1.82025 0 0 1.6 0 0 
-3.94393 0 0 -1.4 0 0 1.83625 0 0 1.6 0 0 
-3.95793 0 0 -1.4 0 0 1.85225 0 0 1.6 0 0 
-3.97193 0 0 -1.4 0 0 1.86825 0 0 1.6 0 0 
-3.98593 0 0 -1.4 0 0 1.88425 0 0 1.6 0 0 
-3.99993 0 0 -1.4 0 0 1.90025 0 0 1.6 0 0 
-4.01393 0 0 -1.4 0 0 1.91625 0 0 1.6 0 0 
-4.02793 0 0 -1.4 0 0 1.93225 0 0 1.6 0 0 
-4.04193 0 0 -1.4 0 0 1.94825 0 0 1.6 0 0 
-4.05593 0 0 -1.4 0 0 1.96425 0 0 1.6 0 0 
-4.06993 0 0 -1.4 0 0 1.98025 0 0 1.6 0 0 
-4.08393 0 0 -1.4 0 0 1.99625 0 0 1.6 0 0 
-4.09793 0 0 -1.4 0 0 2.01225 0 0 1.6 0 0 
-4.11193 0 0 -1.4 0 0 2.02825 0 0 1.6 0 0 
-4.12593 0 0 -1.4 0 0 2.04425 0 0 1.6 0 0 
-4.13993 0 0 -1.4 0 0 2.06025 0 0 1.6 0 0 
-4.15393 0 0 -1.4 0 0 2.07625 0 0 1.6 0 0 
-4.16793 0 0 -1.4 0 0 2.09225 0 0 1.6 0 0 
-4.18193 0 0 -1.4 0 0 2.10825 0 0 1.6 0 0 
-4.19593 0 0 -1.4 0 0 2.12425 0 0 1.6 0 0 
-4.20993 0 0 -1.4 0 0 2.14025 0 0 1.6 0 0 
-4.22393 0 0 -1.4 0 0 2.15625 0 0 1.6 0 0 
-4.23793 0 0 -1.4 0 0 2.17225 0 0 1.6 0 0 
-4.25193 0 0 -1.4 0 0 2.18825 0 0 1.6 0 0 
-4.26593 0 0 -1.4 0 0 2.20425 0 0 1.6 0 0 
-4.27993 0 0 -1.4 0 0 2.22025 0 0 1.6 0 0 
-4.29393 0 0 -1.4 0 0 2.23625 0 0 1.6 0 0 
-4.30793 0 0 -1.4 0 0 2.25225 0 0 1.6 0 0 
-4.32193 0 0 -1.4 0 0 2.26825 0 0 1.6 0 0 
-4.33593 0 0 -1.4 0 0 2.28425 0 0 1.6 0 0 
-4.34993 0 0 -1.4 0 0 2.30025 0 0 1.6 0 0 
-4.36393 0 0 -1.4 0 0 2.31625 0 0 1.6 0 0 
-4.37793 0 0 -1.4 0 0 2.33225 0 0 1.6 0 0 
-4.39193 0 0 -1.4 0 0 2.34825 0 0 1.6 0 0 
-4.40593 0 0 -1.4 0 0 2.36425 0 0 1.6 0 0 
-4.41993 0 0 -1.4 0 0 2.38025 0 0 1.6 0 0 
-4.43393 0 0 -1.4 0 0 2.39625 0 0 1.6 0 0 
-4.44793 0 0 -1.4 0 0 2.41225 0 0 1.6 0 0 
-4.46193 0 0 -1.4 0 0 2.42825 0 0 1.6 0 0 
-4.47593 0 0 -1.4 0 0 2.44425 0 0 1.6 0 0 
-4.48993 0 0 -1.4 0 0 2.46025 0 0 1.6 0 0 
-4.50393 0 0 -1.4 0 0 2.47625 0 0 1.6 0 0 
-4.51793 0 0 -1.4 0 0 2.49225 0 0 1.6 0 0 
-4.53193 0 0 -1.4 0 0 2.50825 0 0 1.6 0 0 
-4.54593 0 0 -1.4 0 0 2.52425 0 0 1.6 0 0 
-4.55993 0 0 -1.4 0 0 2.54025 0 0 1.6 0 0 
-4.57393 0 0 -1.4 0 0 2.55625 0 0 1.6 0 0 
-4.58793 0 0 -1.4 0 0 2.57225 0 0 1.6 0 0 
-4.60193 0 0 -1.4 0 0 2.58825 0 0 1.6 0 0 
-4.61593 0 0 -1.4 0 0 2.60425 0 0 1.6 0 0 
-4.62993 0 0 -1.4 0 0 2.62025 0 0 1.6 0 0 
-4.64393 0 0 -1.4 0 0 2.63625 0 0 1.6 0 0 
-4.65793 0 0 -1.4 0 0 2.65225 0 0 1.6 0 0 
-4.67193 0 0 -1.4 0 0 2.66825 0 0 1.6 0 0 
-4.68593 0 0 -1.4 0 0 2.68425 0 0 1.6 0 0 
-4.69993 0 0 -1.4 0 0 2.70025 0 0 1.6 0 0 
-4.71393 0 0 -1.4 0 0 2.71625 0 0 1.6 0 0 
-4.72793 0 0 -1.4 0 0 2.73225 0 0 1.6 0 0 
-4.74193 0 0 -1.4 0 0 2.74825 0 0 1.6 0 0 
-4.75593 0 0 -1.4 0 0 2.76425 0 0 1.6 0 0 
-4.76993 0 0 -1.4 0 0 2.78025 0 0 1.6 0 0 
-4.78393 0 0 -1.4 0 0 2.79625 0 0 1.6 0 0 
-4.79793 0 0 -1.4 0 0 2.81225 0 0 1.6 0 0 
-4.81193 0 0 -1.4 0 0 2.82825 0 0 1.6 0 0 
-4.82593 0 0 -1.4 0 0 2.84425 0 0 1.6 0 0 
-4.83993 0 0 -1.4 0 0 2.86025 0 0 1.6 0 0 
-4.85393 0 0 -1.4 0 0 2.87625 0 0 1.6 0 0 
-4.86793 0 0 -1.4 0 0 2.89225 0 0 1.6 0 0 
-4.88193 0 0 -1.4 0 0 2.90825 0 0 1.6 0 0 
-4.89593 0 0 -1.4 0 0 2.92425 0 0 1.6 0 0 
-4.90993 0 0 -1.4 0 0 2.94025 0 0 1.6 0 0 
-4.92393 0 0 -1.4 0 0 2.95625 0 0 1.6 0 0 
-4.93793 0 0 -1.4 0 0 2.97225 0 0 1.6 0 0 
-4.95193 0 0 -1.4 0 0 2.98825 0 0 1.6 0 0 
-4.96593 0 0 -1.4 0 0 3.00425 0 0 1.6 0 0 
-4.97993 0 0 -1.4 0 0 3.02025 0 0 1.6 0 0 
-4.99393 0 0 -1.4 0 0 3.03625 0 0 1.6 0 0 
-5.00793 0 0 -1.4 0 0 3.05225 0 0 1.6 0 0 
-5.02193 0 0 -1.4 0 0 3.06825 0 0 1.6 0 0 
-5.03593 0 0 -1.4 0 0 3.08425 0 0 1.6 0 0 
-5.04993 0 0 -1.4 0 0 3.10025 0 0 1.6 0 0 
-5.06393 0 0 -1.4 0 0 3.11625 0 0 1.6 0 0 
-5.07793 0 0 -1.4 0 0 3.13225 0 0 1.6 0 0 
-5.09193 0 0 -1.4 0 0 3.14825 0 0 1.6 0 0 
-5.10593 0 0 -1.4 0 0 3.16425 0 0 1.6 0 0 
-5.11993 0 0 -1.4 0 0 3.18025 0 0 1.6 0 0 
-5.13393 0 0 -1.4 0 0 3.19625 0 0 1.6 0 0 
-5.14793 0 0 -1.4 0 0 3.21225 0 0 1.6 0 0 
-5.16193 0 0 -1.4 0 0 3.22825 0 0 1.6 0 0 
-5.17593 0 0 -1.4 0 0 3.24425 0 0 1.6 0 0 
-5.18993 0 0 -1.4 0 0 3.25908 0.0006755 0 -0.2 1.03923 0 
-5.20393 0 0 -1.4 0 0 3.25708 0.0110678 0 -0.2 1.03923 0 
-5.21793 0 0 -1.4 0 0 3.25508 0.0214601 0 -0.2 1.03923 0 
-5.23193 0 0 -1.4 0 0 3.25308 0.0318524 0 -0.2 1.03923 0 
-5.24593 0 0 -1.4 0 0 3.25108 0.0422447 0 -0.2 1.03923 0 
-5.25993 0 0 -1.4 0 0 3.24908 0.052637 0 -0.2 1.03923 0 
-5.27393 0 0 -1.4 0 0 3.24708 0.0630293 0 -0.2 1.03923 0 
-5.28793 0 0 -1.4 0 0 3.24508 0.0734216 0 -0.2 1.03923 0 
-5.30193 0 0 -1.4 0 0 3.24308 0.0838139 0 -0.2 1.03923 0 
-5.31593 0 0 -1.4 0 0 3.24108 0.0942062 0 -0.2 1.03923 0 
-5.32993 0 0 -1.4 0 0 3.23908 0.104599 0 -0.2 1.03923 0 
-5.34393 0 0 -1.4 0 0 3.23708 0.114991 0 -0.2 1.03923 0 
-5.35793 0 0 -1.4 0 0 3.23508 0.125383 0 -0.2 1.03923 0 
-5.37193 0 0 -1.4 0 0 3.23308 0.135775 0 -0.2 1.03923 0 
-5.38593 0 0 -1.4 0 0 3.23108 0.146168 0 -0.2 1.03923 0 
-5.39993 0 0 -1.4 0 0 3.22908 0.15656 0 -0.2 1.03923 0 
-5.41393 0 0 -1.4 0 0 3.22708 0.166952 0 -0.2 1.03923 0 
-5.42793 0 0 -1.4 0 0 3.22508 0.177345 0 -0.2 1.03923 0 
-5.44193 0 0 -1.4 0 0 3.22308 0.187737 0 -0.2 1.03923 0 
-5.45593 0 0 -1.4 0 0 3.22108 0.198129 0 -0.2 1.03923 0 
-5.46993 0 0 -1.4 0 0 3.21908 0.208522 0 -0.2 1.03923 0 
-5.48393 0 0 -1.4 0 0 3.21708 0.218914 0 -0.2 1.03923 0 
-5.49793 0 0 -1.4 0 0 3.21508 0.229306 0 -0.2 1.03923 0 
-5.51193 0 0 -1.4 0 0 3.21308 0.239699 0 -0.2 1.03923 0 
-5.52593 0 0 -1.4 0 0 3.21108 0.250091 0 -0.2 1.03923 0 
-5.53993 0 0 -1.4 0 0 3.20908 0.260483 0 -0.2 1.03923 0 
-5.55393 0 0 -1.4 0 0 3.20708 0.270875 0 -0.2 1.03923 0 
-5.56793 0 0 -1.4 0 0 3.20508 0.281268 0 -0.2 1.03923 0 
-5.58193 0 0 -1.4 0 0 3.20308 0.29166 0 -0.2 1.03923 0 
-5.59593 0 0 -1.4 0 0 3.20108 0.302052 0 -0.2 1.03923 0 
-5.60993 0 0 -1.4 0 0 3.19908 0.312445 0 -0.2 1.03923 0 
-5.62393 0 0 -1.4 0 0 3.19708 0.322837 0 -0.2 1.03923 0 
-5.63793 0 0 -1.4 0 0 3.19508 0.333229 0 -0.2 1.03923 0 
-5.65193 0 0 -1.4 0 0 3.19308 0.343622 0 -0.2 1.03923 0 
-5.66593 0 0 -1.4 0 0 3.19108 0.354014 0 -0.2 1.03923 0 
-5.67993 0 0 -1.4 0 0 3.18908 0.364406 0 -0.2 1.03923 0 
-5.69393 0 0 -1.4 0 0 3.18708 0.374798 0 -0.2 1.03923 0 
-5.70793 0 0 -1.4 0 0 3.18508 0.385191 0 -0.2 1.03923 0 
-5.72193 0 0 -1.4 0 0 3.18308 0.395583 0 -0.2 1.03923 0 
-5.73593 0 0 -1.4 0 0 3.18108 0.405975 0 -0.2 1.03923 0 
-5.74993 0 0 -1.4 0 0 3.17908 0.416368 0 -0.2 1.03923 0 
-5.76393 0 0 -1.4 0 0 3.17708 0.42676 0 -0.2 1.03923 0 
-5.77793 0 0 -1.4 0 0 3.17508 0.437152 0 -0.2 1.03923 0 
-5.79193 0 0 -1.4 0 0 3.17308 0.447545 0 -0.2 1.03923 0 
-5.80593 0 0 -1.4 0 0 3.17108 0.457937 0 -0.2 1.03923 0 
-5.81993 0 0 -1.4 0 0 3.16908 0.468329 0 -0.2 1.03923 0 
-5.83393 0 0 -1.4 0 0 3.16708 0.478722 0 -0.2 1.03923 0 
-5.84793 0 0 -1.4 0 0 3.16508 0.489114 0 -0.2 1.03923 0 
-5.86193 0 0 -1.4 0 0 3.16308 0.499506 0 -0.2 1.03923 0 
-5.87593 0 0 -1.4 0 0 3.16108 0.509898 0 -0.2 1.03923 0 
-5.88993 0 0 -1.4 0 0 3.15908 0.520291 0 -0.2 1.03923 0 
-5.90393 0 0 -1.4 0 0 3.15708 0.530683 0 -0.2 1.03923 0 
-5.91793 0 0 -1.4 0 0 3.15508 0.541075 0 -0.2 1.03923 0 
-5.93193 0 0 -1.4 0 0 3.15308 0.551468 0 -0.2 1.03923 0 
-5.94593 0 0 -1.4 0 0 3.15108 0.56186 0 -0.2 1.03923 0 
-5.95993 0 0 -1.4 0 0 3.14908 0.572252 0 -0.2 1.03923 0 
-5.97393 0 0 -1.4 0 0 3.14708 0.582645 0 -0.2 1.03923 0 
-5.98793 0 0 -1.4 0 0 3.14508 0.593037 0 -0.2 1.03923 0 
-6.00193 0 0 -1.4 0 0 3.14308 0.603429 0 -0.2 1.03923 0 
-6.01593 0 0 -1.4 0 0 3.14108 0.613821 0 -0.2 1.03923 0 
-6.02993 0 0 -1.4 0 0 3.13908 0.624214 0 -0.2 1.03923 0 
-6.04393 0 0 -1.4 0 0 3.13708 0.634606 0 -0.2 1.03923 0 
-6.05793 0 0 -1.4 0 0 3.13508 0.644998 0 -0.2 1.03923 0 
-6.07193 0 0 -1.4 0 0 3.13308 0.655391 0 -0.2 1.03923 0 
-6.08593 0 0 -1.4 0 0 3.13108 0.665783 0 -0.2 1.03923 0 
-6.09993 0 0 -1.4 0 0 3.12908 0.676175 0 -0.2 1.03923 0 
-6.11393 0 0 -1.4 0 0 3.12708 0.686568 0 -0.2 1.03923 0 
-6.12793 0 0 -1.4 0 0 3.12508 0.69696 0 -0.2 1.03923 0 
-6.14193 0 0 -1.4 0 0 3.12308 0.707352 0 -0.2 1.03923 0 
-6.15593 0 0 -1.4 0 0 3.12108 0.717745 0 -0.2 1.03923 0 
-6.16993 0 0 -1.4 0 0 3.11908 0.728137 0 -0.2 1.03923 0 
-6.18393 0 0 -1.4 0 0 3.11708 0.738529 0 -0.2 1.03923 0 
-6.19793 0 0 -1.4 0 0 3.11508 0.748921 0 -0.2 1.03923 0 
-6.21193 0 0 -1.4 0 0 3.11308 0.759314 0 -0.2 1.03923 0 
-6.22593 0 0 -1.4 0 0 3.11108 0.769706 0 -0.2 1.03923 0 
-6.23993 0 0 -1.4 0 0 3.10908 0.780098 0 -0.2 1.03923 0 
-6.25393 0 0 -1.4 0 0 3.10708 0.790491 0 -0.2 1.03923 0 
-6.26793 0 0 -1.4 0 0 3.10508 0.800883 0 -0.2 1.03923 0 
-6.28193 0 0 -1.4 0 0 3.10308 0.811275 0 -0.2 1.03923 0 
-6.29593 0 0 -1.4 0 0 3.10108 0.821668 0 -0.2 1.03923 0 
-6.30993 0 0 -1.4 0 0 3.09908 0.83206 0 -0.2 1.03923 0 
-6.32393 0 0 -1.4 0 0 3.09708 0.842452 0 -0.2 1.03923 0 
-6.33793 0 0 -1.4 0 0 3.09508 0.852844 0 -0.2 1.03923 0 
-6.35193 0 0 -1.4 0 0 3.09308 0.863237 0 -0.2 1.03923 0 
-6.36593 0 0 -1.4 0 0 3.09108 0.873629 0 -0.2 1.03923 0 
-6.37993 0 0 -1.4 0 0 3.08908 0.884021 0 -0.2 1.03923 0 
-6.39393 0 0 -1.4 0 0 3.08708 0.894414 0 -0.2 1.03923 0 
-6.40793 0 0 -1.4 0 0 3.08508 0.904806 0 -0.2 1.03923 0 
-6.42193 0 0 -1.4 0 0 3.08308 0.915198 0 -0.2 1.03923 0 
-6.43593 0 0 -1.4 0 0 3.08108 0.925591 0 -0.2 1.03923 0 
-6.44993 0 0 -1.4 0 0 3.07908 0.935983 0 -0.2 1.03923 0 
-6.46393 0 0 -1.4 0 0 3.07708 0.946375 0 -0.2 1.03923 0 
-6.47793 0 0 -1.4 0 0 3.07508 0.956768 0 -0.2 1.03923 0 
-6.49193 0 0 -1.4 0 0 3.07308 0.96716 0 -0.2 1.03923 0 
-6.50593 0 0 -1.4 0 0 3.07108 0.977552 0 -0.2 1.03923 0 
-6.51993 0 0 -1.4 0 0 3.06908 0.987944 0 -0.2 1.03923 0 
-6.53393 0 0 -1.4 0 0 3.06708 0.998337 0 -0.2 1.03923 0 
-6.54793 0 0 -1.4 0 0 3.06508 1.00873 0 -0.2 1.03923 0 
-6.56193 0 0 -1.4 0 0 3.06308 1.01912 0 -0.2 1.03923 0 
-6.57593 0 0 -1.4 0 0 3.06108 1.02951 0 -0.2 1.03923 0 
-6.58993 0 0 -1.4 0 0 3.05908 1.03991 0 -0.2 1.03923 0 
-6.60393 0 0 -1.4 0 0 3.05708 1.0503 0 -0.2 1.03923 0 
-6.61793 0 0 -1.4 0 0 3.05508 1.06069 0 -0.2 1.03923 0 
-6.63193 0 0 -1.4 0 0 3.05308 1.07108 0 -0.2 1.03923 0 
-6.64593 0 0 -1.4 0 0 3.05108 1.08148 0 -0.2 1.03923 0 
-6.65993 0 0 -1.4 0 0 3.04908 1.09187 0 -0.2 1.03923 0 
-6.67393 0 0 -1.4 0 0 3.04708 1.10226 0 -0.2 1.03923 0 
-6.68793 0 0 -1.4 0 0 3.04508 1.11265 0 -0.2 1.03923 0 
-6.70193 0 0 -1.4 0 0 3.04308 1.12304 0 -0.2 1.03923 0 
-6.71593 0 0 -1.4 0 0 3.04108 1.13344 0 -0.2 1.03923 0 
-6.72993 0 0 -1.4 0 0 3.03908 1.14383 0 -0.2 1.03923 0 
-6.74393 0 0 -1.4 0 0 3.03708 1.15422 0 -0.2 1.03923 0 
-6.75793 0 0 -1.4 0 0 3.03508 1.16461 0 -0.2 1.03923 0 
-6.77193 0 0 -1.4 0 0 3.03308 1.17501 0 -0.2 1.03923 0 
-6.78593 0 0 -1.4 0 0 3.03108 1.1854 0 -0.2 1.03923 0 
-6.79993 0 0 -1.4 0 0 3.02908 1.19579 0 -0.2 1.03923 0 
-6.81393 0 0 -1.4 0 0 3.02708 1.20618 0 -0.2 1.03923 0 
-6.82793 0 0 -1.4 0 0 3.02508 1.21658 0 -0.2 1.03923 0 
-6.84193 0 0 -1.4 0 0 3.02308 1.22697 0 -0.2 1.03923 0 
-6.85593 0 0 -1.4 0 0 3.02108 1.23736 0 -0.2 1.03923 0 
-6.86993 0 0 -1.4 0 0 3.01908 1.24775 0 -0.2 1.03923 0 
-6.88393 0 0 -1.4 0 0 3.01708 1.25814 0 -0.2 1.03923 0 
-6.89793 0 0 -1.4 0 0 3.01508 1.26854 0 -0.2 1.03923 0 
-6.91193 0 0 -1.4 0 0 3.01308 1.27893 0 -0.2 1.03923 0 
-6.92593 0 0 -1.4 0 0 3.01108 1.28932 0 -0.2 1.03923 0 
-6.93993 0 0 -1.4 0 0 3.00908 1.29971 0 -0.2 1.03923 0 
-6.95393 0 0 -1.4 0 0 3.00708 1.31011 0 -0.2 1.03923 0 
-6.96793 0 0 -1.4 0 0 3.00508 1.3205 0 -0.2 1.03923 0 
-6.98193 0 0 -1.4 0 0 3.00308 1.33089 0 -0.2 1.03923 0 
-6.99593 0 0 -1.4 0 0 3.00108 1.34128 0 -0.2 1.03923 0 
-7.00993 0 0 -1.4 0 0 2.99908 1.35168 0 -0.2 1.03923 0 
-7.02393 0 0 -1.4 0 0 2.99708 1.36207 0 -0.2 1.03923 0 
-7.03793 0 0 -1.4 0 0 2.99508 1.37246 0 -0.2 1.03923 0 
-7.05193 0 0 -1.4 0 0 2.99308 1.38285 0 -0.2 1.03923 0 
-7.06593 0 0 -1.4 0 0 2.99108 1.39324 0 -0.2 1.03923 0 
-7.07993 0 0 -1.4 0 0 2.98908 1.40364 0 -0.2 1.03923 0 
-7.09393 0 0 -1.4 0 0 2.98708 1.41403 0 -0.2 1.03923 0 
-7.10793 0 0 -1.4 0 0 2.98508 1.42442 0 -0.2 1.03923 0 
-7.12193 0 0 -1.4 0 0 2.98308 1.43481 0 -0.2 1.03923 0 
-7.13593 0 0 -1.4 0 0 2.98108 1.44521 0 -0.2 1.03923 0 
-7.14993 0 0 -1.4 0 0 2.97908 1.4556 0 -0.2 1.03923 0 
-7.16393 0 0 -1.4 0 0 2.97708 1.46599 0 -0.2 1.03923 0 
-7.17793 0 0 -1.4 0 0 2.97508 1.47638 0 -0.2 1.03923 0 
-7.19193 0 0 -1.4 0 0 2.97308 1.48678 0 -0.2 1.03923 0 
-7.20593 0 0 -1.4 0 0 2.97108 1.49717 0 -0.2 1.03923 0 
-7.21993 0 0 -1.4 0 0 2.96908 1.50756 0 -0.2 1.03923 0 
-7.23393 0 0 -1.4 0 0 2.96708 1.51795 0 -0.2 1.03923 0 
-7.24793 0 0 -1.4 0 0 2.96508 1.52834 0 -0.2 1.03923 0 
-7.26193 0 0 -1.4 0 0 2.96308 1.53874 0 -0.2 1.03923 0 
-7.27593 0 0 -1.4 0 0 2.96108 1.54913 0 -0.2 1.03923 0 
-7.28993 0 0 -1.4 0 0 2.95908 1.55952 0 -0.2 1.03923 0 
-7.30393 0 0 -1.4 0 0 2.95708 1.56991 0 -0.2 1.03923 0 
-7.31793 0 0 -1.4 0 0 2.95508 1.58031 0 -0.2 1.03923 0 
-7.33193 0 0 -1.4 0 0 2.95308 1.5907 0 -0.2 1.03923 0 
-7.34593 0 0 -1.4 0 0 2.95108 1.60109 0 -0.2 1.03923 0 
-7.35993 0 0 -1.4 0 0 2.94908 1.61148 0 -0.2 1.03923 0 
-7.37393 0 0 -1.4 0 0 2.94708 1.62188 0 -0.2 1.03923 0 
-7.38793 0 0 -1.4 0 0 2.94508 1.63227 0 -0.2 1.03923 0 
-7.40193 0 0 -1.4 0 0 2.94308 1.64266 0 -0.2 1.03923 0 
-7.41593 0 0 -1.4 0 0 2.94108 1.65305 0 -0.2 1.03923 0 
-7.42993 0 0 -1.4 0 0 2.93908 1.66344 0 -0.2 1.03923 0 
-7.44393 0 0 -1.4 0 0 2.93708 1.67384 0 -0.2 1.03923 0 
-7.45793 0 0 -1.4 0 0 2.93508 1.68423 0 -0.2 1.03923 0 
-7.47193 0 0 -1.4 0 0 2.93308 1.69462 0 -0.2 1.03923 0 
-7.48593 0 0 -1.4 0 0 2.93108 1.70501 0 -0.2 1.03923 0 
-7.49993 0 0 -1.4 0 0 2.92908 1.71541 0 -0.2 1.03923 0 
-7.51393 0 0 -1.4 0 0 2.92708 1.7258 0 -0.2 1.03923 0 
-7.52793 0 0 -1.4 0 0 2.92508 1.73619 0 -0.2 1.03923 0 
-7.54193 0 0 -1.4 0 0 2.92308 1.74658 0 -0.2 1.03923 0 
-7.55593 0 0 -1.4 0 0 2.92108 1.75698 0 -0.2 1.03923 0 
-7.56993 0 0 -1.4 0 0 2.91908 1.76737 0 -0.2 1.03923 0 
-7.58393 0 0 -1.4 0 0 2.91708 1.77776 0 -0.2 1.03923 0 
-7.59793 0 0 -1.4 0 0 2.91508 1.78815 0 -0.2 1.03923 0 
-7.61193 0 0 -1.4 0 0 2.91308 1.79854 0 -0.2 1.03923 0 
-7.62593 0 0 -1.4 0 0 2.91108 1.80894 0 -0.2 1.03923 0 
-7.63993 0 0 -1.4 0 0 2.90908 1.81933 0 -0.2 1.03923 0 
-7.65393 0 0 -1.4 0 0 2.90708 1.82972 0 -0.2 1.03923 0 
-7.66793 0 0 -1.4 0 0 2.90508 1.84011 0 -0.2 1.03923 0 
-7.68193 0 0 -1.4 0 0 2.90308 1.85051 0 -0.2 1.03923 0 
-7.69593 0 0 -1.4 0 0 2.90108 1.8609 0 -0.2 1.03923 0 
-7.70993 0 0 -1.4 0 0 2.89908 1.87129 0 -0.2 1.03923 0 
-7.72393 0 0 -1.4 0 0 2.89708 1.88168 0 -0.2 1.03923 0 
-7.73793 0 0 -1.4 0 0 2.89508 1.89207 0 -0.2 1.03923 0 
-7.75193 0 0 -1.4 0 0 2.89308 1.90247 0 -0.2 1.03923 0 
-7.76593 0 0 -1.4 0 0 2.89108 1.91286 0 -0.2 1.03923 0 
-7.77993 0 0 -1.4 0 0 2.88908 1.92325 0 -0.2 1.03923 0 
-7.79393 0 0 -1.4 0 0 2.88708 1.93364 0 -0.2 1.03923 0 
-7.80793 0 0 -1.4 0 0 2.88508 1.94404 0 -0.2 1.03923 0 
-7.82193 0 0 -1.4 0 0 2.88308 1.95443 0 -0.2 1.03923 0 
-7.83593 0 0 -1.4 0 0 2.88108 1.96482 0 -0.2 1.03923 0 
-7.84993 0 0 -1.4 0 0 2.87908 1.97521 0 -0.2 1.03923 0 
-7.86393 0 0 -1.4 0 0 2.87708 1.98561 0 -0.2 1.03923 0 
-7.87793 0 0 -1.4 0 0 2.87508 1.996 0 -0.2 1.03923 0 
-7.89193 0 0 -1.4 0 0 2.87308 2.00639 0 -0.2 1.03923 0 
-7.90593 0 0 -1.4 0 0 2.87108 2.01678 0 -0.2 1.03923 0 
-7.91993 0 0 -1.4 0 0 2.86908 2.02717 0 -0.2 1.03923 0 
-7.93393 0 0 -1.4 0 0 2.86708 2.03757 0 -0.2 1.03923 0 
-7.94793 0 0 -1.4 0 0 2.86508 2.04796 0 -0.2 1.03923 0 
-7.96193 0 0 -1.4 0 0 2.86308 2.05835 0 -0.2 1.03923 0 
-7.97593 0 0 -1.4 0 0 2.86108 2.06874 0 -0.2 1.03923 0 
-7.98993 0 0 -1.4 0 0 2.85908 2.07914 0 -0.2 1.03923 0 
-8.00393 0 0 -1.4 0 0 2.85708 2.08953 0 -0.2 1.03923 0 
-8.01793 0 0 -1.4 0 0 2.85508 2.09992 0 -0.2 1.03923 0 
-8.03193 0 0 -1.4 0 0 2.85308 2.11031 0 -0.2 1.03923 0 
-8.04593 0 0 -1.4 0 0 2.85108 2.12071 0 -0.2 1.03923 0 
-8.05993 0 0 -1.4 0 0 2.84908 2.1311 0 -0.2 1.03923 0 
-8.07393 0 0 -1.4 0 0 2.84708 2.14149 0 -0.2 1.03923 0 
-8.08793 0 0 -1.4 0 0 2.84508 2.15188 0 -0.2 1.03923 0 
-8.10193 0 0 -1.4 0 0 2.84308 2.16227 0 -0.2 1.03923 0 
-8.11593 0 0 -1.4 0 0 2.84108 2.17267 0 -0.2 1.03923 0 
-8.12993 0 0 -1.4 0 0 2.83908 2.18306 0 -0.2 1.03923 0 
-8.14393 0 0 -1.4 0 0 2.83708 2.19345 0 -0.2 1.03923 0 
-8.15793 0 0 -1.4 0 0 2.83508 2.20384 0 -0.2 1.03923 0 
-8.17193 0 0 -1.4 0 0 2.83308 2.21424 0 -0.2 1.03923 0 
-8.18593 0 0 -1.4 0 0 2.83108 2.22463 0 -0.2 1.03923 0 
-8.19993 0 0 -1.4 0 0 2.82908 2.23502 0 -0.2 1.03923 0 
-8.21393 0 0 -1.4 0 0 2.82708 2.24541 0 -0.2 1.03923 0 
-8.22793 0 0 -1.4 0 0 2.82508 2.25581 0 -0.2 1.03923 0 
-8.24193 0 0 -1.4 0 0 2.82308 2.2662 0 -0.2 1.03923 0 
-8.25593 0 0 -1.4 0 0 2.82108 2.27659 0 -0.2 1.03923 0 
-8.26993 0 0 -1.4 0 0 2.81908 2.28698 0 -0.2 1.03923 0 
-8.28393 0 0 -1.4 0 0 2.81708 2.29737 0 -0.2 1.03923 0 
-8.29793 0 0 -1.4 0 0 2.81508 2.30777 0 -0.2 1.03923 0 
-8.31193 0 0 -1.4 0 0 2.81308 2.31816 0 -0.2 1.03923 0 
-8.32593 0 0 -1.4 0 0 2.81108 2.32855 0 -0.2 1.03923 0 
-8.33993 0 0 -1.4 0 0 2.80908 2.33894 0 -0.2 1.03923 0 
-8.35393 0 0 -1.4 0 0 2.80708 2.34934 0 -0.2 1.03923 0 
-8.36793 0 0 -1.4 0 0 2.80508 2.35973 0 -0.2 1.03923 0 
-8.38193 0 0 -1.4 0 0 2.80308 2.37012 0 -0.2 1.03923 0 
-8.39593 0 0 -1.4 0 0 2.80108 2.38051 0 -0.2 1.03923 0 
-8.40993 0 0 -1.4 0 0 2.79908 2.39091 0 -0.2 1.03923 0 
-8.42393 0 0 -1.4 0 0 2.79708 2.4013 0 -0.2 1.03923 0 
-8.43793 0 0 -1.4 0 0 2.79508 2.41169 0 -0.2 1.03923 0 
-8.45193 0 0 -1.4 0 0 2.79308 2.42208 0 -0.2 1.03923 0 
-8.46593 0 0 -1.4 0 0 2.79108 2.43247 0 -0.2 1.03923 0 
-8.47993 0 0 -1.4 0 0 2.78908 2.44287 0 -0.2 1.03923 0 
-8.49393 0 0 -1.4 0 0 2.78708 2.45326 0 -0.2 1.03923 0 
-8.50793 0 0 -1.4 0 0 2.78508 2.46365 0 -0.2 1.03923 0 
-8.52193 0 0 -1.4 0 0 2.78308 2.47404 0 -0.2 1.03923 0 
-8.53593 0 0 -1.4 0 0 2.78108 2.48444 0 -0.2 1.03923 0 
-8.54993 0 0 -1.4 0 0 2.77908 2.49483 0 -0.2 1.03923 0 
-8.56393 0 0 -1.4 0 0 2.77708 2.50522 0 -0.2 1.03923 0 
-8.57793 0 0 -1.4 0 0 2.77508 2.51561 0 -0.2 1.03923 0 
-8.59193 0 0 -1.4 0 0 2.77308 2.52601 0 -0.2 1.03923 0 
-8.60593 0 0 -1.4 0 0 2.77108 2.5364 0 -0.2 1.03923 0 
-8.61993 0 0 -1.4 0 0 2.76908 2.54679 0 -0.2 1.03923 0 
-8.63393 0 0 -1.4 0 0 2.76708 2.55718 0 -0.2 1.03923 0 
-8.64793 0 0 -1.4 0 0 2.76508 2.56757 0 -0.2 1.03923 0 
-8.66193 0 0 -1.4 0 0 2.76308 2.57797 0 -0.2 1.03923 0 
-8.67593 0 0 -1.4 0 0 2.76108 2.58836 0 -0.2 1.03923 0 
-8.68993 0 0 -1.4 0 0 2.75908 2.59875 0 -0.2 1.03923 0 
-8.70393 0 0 -1.4 0 0 2.75708 2.60914 0 -0.2 1.03923 0 
-8.71793 0 0 -1.4 0 0 2.75508 2.61954 0 -0.2 1.03923 0 
-8.73193 0 0 -1.4 0 0 2.75308 2.62993 0 -0.2 1.03923 0 
-8.74593 0 0 -1.4 0 0 2.75108 2.64032 0 -0.2 1.03923 0 
-8.75993 0 0 -1.4 0 0 2.74908 2.65071 0 -0.2 1.03923 0 
-8.77393 0 0 -1.4 0 0 2.74708 2.66111 0 -0.2 1.03923 0 
-8.78793 0 0 -1.4 0 0 2.74508 2.6715 0 -0.2 1.03923 0 
-8.80193 0 0 -1.4 0 0 2.74308 2.68189 0 -0.2 1.03923 0 
-8.81593 0 0 -1.4 0 0 2.74108 2.69228 0 -0.2 1.03923 0 
-8.82993 0 0 -1.4 0 0 2.73908 2.70267 0 -0.2 1.03923 0 
-8.84393 0 0 -1.4 0 0 2.73708 2.71307 0 -0.2 1.03923 0 
-8.85793 0 0 -1.4 0 0 2.73508 2.72346 0 -0.2 1.03923 0 
-8.87193 0 0 -1.4 0 0 2.73308 2.73385 0 -0.2 1.03923 0 
-8.88593 0 0 -1.4 0 0 2.73108 2.74424 0 -0.2 1.03923 0 
-8.89993 0 0 -1.4 0 0 2.72908 2.75464 0 -0.2 1.03923 0 
-8.91393 0 0 -1.4 0 0 2.72708 2.76503 0 -0.2 1.03923 0 
-8.92793 0 0 -1.4 0 0 2.72508 2.77542 0 -0.2 1.03923 0 
-8.94193 0 0 -1.4 0 0 2.72308 2.78581 0 -0.2 1.03923 0 
-8.95593 0 0 -1.4 0 0 2.72108 2.79621 0 -0.2 1.03923 0 
-8.96993 0 0 -1.4 0 0 2.71908 2.8066 0 -0.2 1.03923 0 
-8.98393 0 0 -1.4 0 0 2.71708 2.81699 0 -0.2 1.03923 0 
-8.99793 0 0 -1.4 0 0 2.71508 2.82738 0 -0.2 1.03923 0 
-9.01193 0 0 -1.4 0 0 2.71308 2.83777 0 -0.2 1.03923 0 
-9.02593 0 0 -1.4 0 0 2.71108 2.84817 0 -0.2 1.03923 0 
-9.03993 0 0 -1.4 0 0 2.70908 2.85856 0 -0.2 1.03923 0 
-9.05393 0 0 -1.4 0 0 2.70708 2.86895 0 -0.2 1.03923 0 
-9.06793 0 0 -1.4 0 0 2.70508 2.87934 0 -0.2 1.03923 0 
-9.08193 0 0 -1.4 0 0 2.70308 2.88974 0 -0.2 1.03923 0 
-9.09593 0 0 -1.4 0 0 2.70108 2.90013 0 -0.2 1.03923 0 
-9.10993 0 0 -1.4 0 0 2.69908 2.91052 0 -0.2 1.03923 0 
-9.12393 0 0 -1.4 0 0 2.69708 2.92091 0 -0.2 1.03923 0 
-9.13793 0 0 -1.4 0 0 2.69508 2.93131 0 -0.2 1.03923 0 
-9.15193 0 0 -1.4 0 0 2.69308 2.9417 0 -0.2 1.03923 0 
-9.16593 0 0 -1.4 0 0 2.69108 2.95209 0 -0.2 1.03923 0 
-9.17993 0 0 -1.4 0 0 2.68908 2.96248 0 -0.2 1.03923 0 
-9.19393 0 0 -1.4 0 0 2.68708 2.97287 0 -0.2 1.03923 0 
-9.20793 0 0 -1.4 0 0 2.68508 2.98327 0 -0.2 1.03923 0 
-9.22193 0 0 -1.4 0 0 2.68308 2.99366 0 -0.2 1.03923 0 
-9.23593 0 0 -1.4 0 0 2.68108 3.00405 0 -0.2 1.03923 0 
-9.24993 0 0 -1.4 0 0 2.67908 3.01444 0 -0.2 1.03923 0 
-9.26393 0 0 -1.4 0 0 2.67708 3.02484 0 -0.2 1.03923 0 
-9.27793 0 0 -1.4 0 0 2.67508 3.03523 0 -0.2 1.03923 0 
-9.29193 0 0 -1.4 0 0 2.67308 3.04562 0 -0.2 1.03923 0 
-9.30593 0 0 -1.4 0 0 2.67108 3.05601 0 -0.2 1.03923 0 
-9.31993 0 0 -1.4 0 0 2.66908 3.06641 0 -0.2 1.03923 0 
-9.33393 0 0 -1.4 0 0 2.66708 3.0768 0 -0.2 1.03923 0 
-9.34793 0 0 -1.4 0 0 2.66508 3.08719 0 -0.2 1.03923 0 
-9.36193 0 0 -1.4 0 0 2.66308 3.09758 0 -0.2 1.03923 0 
-9.37593 0 0 -1.4 0 0 2.66108 3.10797 0 -0.2 1.03923 0 
-9.38993 0 0 -1.4 0 0 2.65908 3.11837 0 -0.2 1.03923 0 
-9.40393 0 0 -1.4 0 0 2.65708 3.12876 0 -0.2 1.03923 0 
-9.41793 0 0 -1.4 0 0 2.65508 3.13915 0 -0.2 1.03923 0 
-9.43193 0 0 -1.4 0 0 2.65308 3.14954 0 -0.2 1.03923 0 
-9.44593 0 0 -1.4 0 0 2.65108 3.15994 0 -0.2 1.03923 0 
-9.45993 0 0 -1.4 0 0 2.64908 3.17033 0 -0.2 1.03923 0 
-9.47393 0 0 -1.4 0 0 2.64708 3.18072 0 -0.2 1.03923 0 
-9.48793 0 0 -1.4 0 0 2.64508 3.19111 0 -0.2 1.03923 0 
-9.50193 0 0 -1.4 0 0 2.64308 3.20151 0 -0.2 1.03923 0 
-9.51593 0 0 -1.4 0 0 2.64108 3.2119 0 -0.2 1.03923 0 
-9.52993 0 0 -1.4 0 0 2.63908 3.22229 0 -0.2 1.03923 0 
-9.54393 0 0 -1.4 0 0 2.63708 3.23268 0 -0.2 1.03923 0 
-9.55793 0 0 -1.4 0 0 2.63508 3.24307 0 -0.2 1.03923 0 
-9.57193 0 0 -1.4 0 0 2.63308 3.25347 0 -0.2 1.03923 0 
-9.58593 0 0 -1.4 0 0 2.63108 3.26386 0 -0.2 1.03923 0 
-9.59993 0 0 -1.4 0 0 2.62908 3.27425 0 -0.2 1.03923 0 
-9.61393 0 0 -1.4 0 0 2.62708 3.28464 0 -0.2 1.03923 0 
-9.62793 0 0 -1.4 0 0 2.62508 3.29504 0 -0.2 1.03923 0 
-9.64193 0 0 -1.4 0 0 2.62308 3.30543 0 -0.2 1.03923 0 
-9.65593 0 0 -1.4 0 0 2.62108 3.31582 0 -0.2 1.03923 0 
-9.66993 0 0 -1.4 0 0 2.61908 3.32621 0 -0.2 1.03923 0 
-9.68393 0 0 -1.4 0 0 2.61708 3.33661 0 -0.2 1.03923 0 
-9.69793 0 0 -1.4 0 0 2.61508 3.347 0 -0.2 1.03923 0 
-9.71193 0 0 -1.4 0 0 2.61308 3.35739 0 -0.2 1.03923 0 
-9.72593 0 0 -1.4 0 0 2.61108 3.36778 0 -0.2 1.03923 0 
-9.73993 0 0 -1.4 0 0 2.60908 3.37817 0 -0.2 1.03923 0 
-9.75393 0 0 -1.4 0 0 2.60708 3.38857 0 -0.2 1.03923 0 
-9.76793 0 0 -1.4 0 0 2.60508 3.39896 0 -0.2 1.03923 0 
-9.78193 0 0 -1.4 0 0 2.60308 3.40935 0 -0.2 1.03923 0 
-9.79593 0 0 -1.4 0 0 2.60108 3.41974 0 -0.2 1.03923 0 
-9.80993 0 0 -1.4 0 0 2.59908 3.43014 0 -0.2 1.03923 0 
-9.82393 0 0 -1.4 0 0 2.59708 3.44053 0 -0.2 1.03923 0 
-9.83793 0 0 -1.4 0 0 2.59508 3.45092 0 -0.2 1.03923 0 
-9.85193 0 0 -1.4 0 0 2.59308 3.46131 0 -0.2 1.03923 0 
-9.86593 0 0 -1.4 0 0 2.59108 3.47171 0 -0.2 1.03923 0 
-9.87993 0 0 -1.4 0 0 2.58908 3.4821 0 -0.2 1.03923 0 
-9.89393 0 0 -1.4 0 0 2.58708 3.49249 0 -0.2 1.03923 0 
-9.90793 0 0 -1.4 0 0 2.58508 3.50288 0 -0.2 1.03923 0 
-9.92193 0 0 -1.4 0 0 2.58308 3.51327 0 -0.2 1.03923 0 
-9.93593 0 0 -1.4 0 0 2.58108 3.52367 0 -0.2 1.03923 0 
-9.94993 0 0 -1.4 0 0 2.57908 3.53406 0 -0.2 1.03923 0 
-9.96393 0 0 -1.4 0 0 2.57708 3.54445 0 -0.2 1.03923 0 
-9.97793 0 0 -1.4 0 0 2.57508 3.55484 0 -0.2 1.03923 0 
-9.99193 0 0 -1.4 0 0 2.57308 3.56524 0 -0.2 1.03923 0 
-10.0059 0 0 -1.4 0 0 2.57108 3.57563 0 -0.2 1.03923 0 
-10.0199 0 0 -1.4 0 0 2.56908 3.58602 0 -0.2 1.03923 0 
-10.0339 0 0 -1.4 0 0 2.56708 3.59641 0 -0.2 1.03923 0 
-10.0479 0 0 -1.4 0 0 2.56508 3.60681 0 -0.2 1.03923 0 
-10.0619 0 0 -1.4 0 0 2.56308 3.6172 0 -0.2 1.03923 0 
-10.0759 0 0 -1.4 0 0 2.56108 3.62759 0 -0.2 1.03923 0 
-10.0899 0 0 -1.4 0 0 2.55908 3.63798 0 -0.2 1.03923 0 
-10.1039 0 0 -1.4 0 0 2.55708 3.64837 0 -0.2 1.03923 0 
-10.1179 0 0 -1.4 0 0 2.55508 3.65877 0 -0.2 1.03923 0 
-10.1319 0 0 -1.4 0 0 2.55308 3.66916 0 -0.2 1.03923 0 
-10.1459 0 0 -1.4 0 0 2.55108 3.67955 0 -0.2 1.03923 0 
-10.1599 0 0 -1.4 0 0 2.54908 3.68994 0 -0.2 1.03923 0 
-10.1739 0 0 -1.4 0 0 2.54708 3.70034 0 -0.2 1.03923 0 
-10.1879 0 0 -1.4 0 0 2.54508 3.71073 0 -0.2 1.03923 0 
-10.2019 0 0 -1.4 0 0 2.54308 3.72112 0 -0.2 1.03923 0 
-10.2159 0 0 -1.4 0 0 2.54108 3.73151 0 -0.2 1.03923 0 
-10.2299 0 0 -1.4 0 0 2.53908 3.74191 0 -0.2 1.03923 0 
-10.2439 0 0 -1.4 0 0 2.53708 3.7523 0 -0.2 1.03923 0 
-10.2579 0 0 -1.4 0 0 2.53508 3.76269 0 -0.2 1.03923 0 
-10.2719 0 0 -1.4 0 0 2.53308 3.77308 0 -0.2 1.03923 0 
-10.2859 0 0 -1.4 0 0 2.53108 3.78347 0 -0.2 1.03923 0 
-10.2999 0 0 -1.4 0 0 2.52908 3.79387 0 -0.2 1.03923 0 
-10.3139 0 0 -1.4 0 0 2.52708 3.80426 0 -0.2 1.03923 0 
-10.3279 0 0 -1.4 0 0 2.52508 3.81465 0 -0.2 1.03923 0 
-10.3419 0 0 -1.4 0 0 2.52308 3.82504 0 -0.2 1.03923 0 
-10.3559 0 0 -1.4 0 0 2.52108 3.83544 0 -0.2 1.03923 0 
-10.3699 0 0 -1.4 0 0 2.51908 3.84583 0 -0.2 1.03923 0 
-10.3839 0 0 -1.4 0 0 2.51708 3.85622 0 -0.2 1.03923 0 
-10.3979 0 0 -1.4 0 0 2.51508 3.86661 0 -0.2 1.03923 0 
-10.4119 0 0 -1.4 0 0 2.51308 3.87701 0 -0.2 1.03923 0 
-10.4259 0 0 -1.4 0 0 2.51108 3.8874 0 -0.2 1.03923 0 
-10.4399 0 0 -1.4 0 0 2.50908 3.89779 0 -0.2 1.03923 0 
-10.4539 0 0 -1.4 0 0 2.50708 3.90818 0 -0.2 1.03923 0 
-10.4679 0 0 -1.4 0 0 2.50508 3.91857 0 -0.2 1.03923 0 
-10.4819 0 0 -1.4 0 0 2.50308 3.92897 0 -0.2 1.03923 0 
-10.4959 0 0 -1.4 0 0 2.50108 3.93936 0 -0.2 1.03923 0 
-10.5099 0 0 -1.4 0 0 2.49908 3.94975 0 -0.2 1.03923 0 
-10.5239 0 0 -1.4 0 0 2.49708 3.96014 0 -0.2 1.03923 0 
-10.5379 0 0 -1.4 0 0 2.49508 3.97054 0 -0.2 1.03923 0 
-10.5519 0 0 -1.4 0 0 2.49308 3.98093 0 -0.2 1.03923 0 
-10.5659 0 0 -1.4 0 0 2.49108 3.99132 0 -0.2 1.03923 0 
-10.5799 0 0 -1.4 0 0 2.48908 4.00171 0 -0.2 1.03923 0 
-10.5939 0 0 -1.4 0 0 2.48708 4.01211 0 -0.2 1.03923 0 
-10.6079 0 0 -1.4 0 0 2.48508 4.0225 0 -0.2 1.03923 0 
-10.6219 0 0 -1.4 0 0 2.48308 4.03289 0 -0.2 1.03923 0 
-10.6359 0 0 -1.4 0 0 2.48108 4.04328 0 -0.2 1.03923 0 
-10.6499 0 0 -1.4 0 0 2.47908 4.05367 0 -0.2 1.03923 0 
-10.6639 0 0 -1.4 0 0 2.47708 4.06407 0 -0.2 1.03923 0 
-10.6779 0 0 -1.4 0 0 2.47508 4.07446 0 -0.2 1.03923 0 
-10.6919 0 0 -1.4 0 0 2.47308 4.08485 0 -0.2 1.03923 0 
-10.7059 0 0 -1.4 0 0 2.47108 4.09524 0 -0.2 1.03923 0 
-10.7199 0 0 -1.4 0 0 2.46908 4.10564 0 -0.2 1.03923 0 
-10.7339 0 0 -1.4 0 0 2.46708 4.11603 0 -0.2 1.03923 0 
-10.7479 0 0 -1.4 0 0 2.46508 4.12642 0 -0.2 1.03923 0 
-10.7619 0 0 -1.4 0 0 2.46308 4.13681 0 -0.2 1.03923 0 
-10.7759 0 0 -1.4 0 0 2.46108 4.14721 0 -0.2 1.03923 0 
-10.7899 0 0 -1.4 0 0 2.45908 4.1576 0 -0.2 1.03923 0 
-10.8039 0 0 -1.4 0 0 2.45708 4.16799 0 -0.2 1.03923 0 
-10.8179 0 0 -1.4 0 0 2.45508 4.17838 0 -0.2 1.03923 0 
-10.8319 0 0 -1.4 0 0 2.45308 4.18877 0 -0.2 1.03923 0 
-10.8459 0 0 -1.4 0 0 2.45108 4.19917 0 -0.2 1.03923 0 
-10.8599 0 0 -1.4 0 0 2.44908 4.20956 0 -0.2 1.03923 0 
-10.8739 0 0 -1.4 0 0 2.44708 4.21995 0 -0.2 1.03923 0 
-10.8879 0 0 -1.4 0 0 2.44508 4.23034 0 -0.2 1.03923 0 
-10.9019 0 0 -1.4 0 0 2.44308 4.24074 0 -0.2 1.03923 0 
-10.9159 0 0 -1.4 0 0 2.44108 4.25113 0 -0.2 1.03923 0 
-10.9299 0 0 -1.4 0 0 2.43908 4.26152 0 -0.2 1.03923 0 
-10.9439 0 0 -1.4 0 0 2.43708 4.27191 0 -0.2 1.03923 0 
-10.9579 0 0 -1.4 0 0 2.43508 4.28231 0 -0.2 1.03923 0 
-10.9719 0 0 -1.4 0 0 2.43308 4.2927 0 -0.2 1.03923 0 
-10.9859 0 0 -1.4 0 0 2.43108 4.30309 0 -0.2 1.03923 0 
-10.9999 0 0 -1.4 0 0 2.42908 4.31348 0 -0.2 1.03923 0 
-11.0139 0 0 -1.4 0 0 2.42708 4.32387 0 -0.2 1.03923 0 
-11.0279 0 0 -1.4 0 0 2.42508 4.33427 0 -0.2 1.03923 0 
-11.0419 0 0 -1.4 0 0 2.42308 4.34466 0 -0.2 1.03923 0 
-11.0559 0 0 -1.4 0 0 2.42108 4.35505 0 -0.2 1.03923 0 
-11.0699 0 0 -1.4 0 0 2.41908 4.36544 0 -0.2 1.03923 0 
-11.0839 0 0 -1.4 0 0 2.41708 4.37584 0 -0.2 1.03923 0 
-11.0979 0 0 -1.4 0 0 2.41508 4.38623 0 -0.2 1.03923 0 
-11.1119 0 0 -1.4 0 0 2.41308 4.39662 0 -0.2 1.03923 0 
-11.1259 0 0 -1.4 0 0 2.41108 4.40701 0 -0.2 1.03923 0 
-11.1399 0 0 -1.4 0 0 2.40908 4.41741 0 -0.2 1.03923 0 
-11.1539 0 0 -1.4 0 0 2.40708 4.4278 0 -0.2 1.03923 0 
-11.1679 0 0 -1.4 0 0 2.40508 4.43819 0 -0.2 1.03923 0 
-11.1819 0 0 -1.4 0 0 2.40308 4.44858 0 -0.2 1.03923 0 
-11.1959 0 0 -1.4 0 0 2.40108 4.45897 0 -0.2 1.03923 0 
-11.2099 0 0 -1.4 0 0 2.39908 4.46937 0 -0.2 1.03923 0 
-11.2239 0 0 -1.4 0 0 2.39708 4.47976 0 -0.2 1.03923 0 
-11.2379 0 0 -1.4 0 0 2.39508 4.49015 0 -0.2 1.03923 0 
-11.2519 0 0 -1.4 0 0 2.39308 4.50054 0 -0.2 1.03923 0 
-11.2659 0 0 -1.4 0 0 2.39108 4.51094 0 -0.2 1.03923 0 
-11.2799 0 0 -1.4 0 0 2.38908 4.52133 0 -0.2 1.03923 0 
-11.2939 0 0 -1.4 0 0 2.38708 4.53172 0 -0.2 1.03923 0 
-11.3079 0 0 -1.4 0 0 2.38508 4.54211 0 -0.2 1.03923 0 
-11.3219 0 0 -1.4 0 0 2.38308 4.55251 0 -0.2 1.03923 0 
-11.3359 0 0 -1.4 0 0 2.38108 4.5629 0 -0.2 1.03923 0 
-11.3499 0 0 -1.4 0 0 2.37908 4.57329 0 -0.2 1.03923 0 
-11.3639 0 0 -1.4 0 0 2.37708 4.58368 0 -0.2 1.03923 0 
-11.3779 0 0 -1.4 0 0 2.37508 4.59407 0 -0.2 1.03923 0 
-11.3919 0 0 -1.4 0 0 2.37308 4.60447 0 -0.2 1.03923 0 
-11.4059 0 0 -1.4 0 0 2.37108 4.61486 0 -0.2 1.03923 0 
-11.4199 0 0 -1.4 0 0 2.36908 4.62525 0 -0.2 1.03923 0 
-11.4339 0 0 -1.4 0 0 2.36708 4.63564 0 -0.2 1.03923 0 
-11.4479 0 0 -1.4 0 0 2.36508 4.64604 0 -0.2 1.03923 0 
-11.4619 0 0 -1.4 0 0 2.36308 4.65643 0 -0.2 1.03923 0 
-11.4759 0 0 -1.4 0 0 2.36108 4.66682 0 -0.2 1.03923 0 
-11.4899 0 0 -1.4 0 0 2.35908 4.67721 0 -0.2 1.03923 0 
-11.5039 0 0 -1.4 0 0 2.35708 4.6876 0 -0.2 1.03923 0 
-11.5179 0 0 -1.4 0 0 2.35508 4.698 0 -0.2 1.03923 0 
-11.5319 0 0 -1.4 0 0 2.35308 4.70839 0 -0.2 1.03923 0 
-11.5459 0 0 -1.4 0 0 2.35108 4.71878 0 -0.2 1.03923 0 
-11.5599 0 0 -1.4 0 0 2.34908 4.72917 0 -0.2 1.03923 0 
-11.5739 0 0 -1.4 0 0 2.34708 4.73957 0 -0.2 1.03923 0 
-11.5879 0 0 -1.4 0 0 2.34508 4.74996 0 -0.2 1.03923 0 
-11.6019 0 0 -1.4 0 0 2.34308 4.76035 0 -0.2 1.03923 0 
-11.6159 0 0 -1.4 0 0 2.34108 4.77074 0 -0.2 1.03923 0 
-11.6299 0 0 -1.4 0 0 2.33908 4.78114 0 -0.2 1.03923 0 
-11.6439 0 0 -1.4 0 0 2.33708 4.79153 0 -0.2 1.03923 0 
-11.6579 0 0 -1.4 0 0 2.33508 4.80192 0 -0.2 1.03923 0 
-11.6719 0 0 -1.4 0 0 2.33308 4.81231 0 -0.2 1.03923 0 
-11.6859 0 0 -1.4 0 0 2.33108 4.8227 0 -0.2 1.03923 0 
-11.6999 0 0 -1.4 0 0 2.32908 4.8331 0 -0.2 1.03923 0 
-11.7139 0 0 -1.4 0 0 2.32708 4.84349 0 -0.2 1.03923 0 
-11.7279 0 0 -1.4 0 0 2.32508 4.85388 0 -0.2 1.03923 0 
-11.7419 0 0 -1.4 0 0 2.32308 4.86427 0 -0.2 1.03923 0 
-11.7559 0 0 -1.4 0 0 2.32108 4.87467 0 -0.2 1.03923 0 
-11.7699 0 0 -1.4 0 0 2.31908 4.88506 0 -0.2 1.03923 0 
-11.7839 0 0 -1.4 0 0 2.31708 4.89545 0 -0.2 1.03923 0 
-11.7979 0 0 -1.4 0 0 2.31508 4.90584 0 -0.2 1.03923 0 
-11.8119 0 0 -1.4 0 0 2.31308 4.91624 0 -0.2 1.03923 0 
-11.8259 0 0 -1.4 0 0 2.31108 4.92663 0 -0.2 1.03923 0 
-11.8399 0 0 -1.4 0 0 2.30908 4.93702 0 -0.2 1.03923 0 
-11.8539 0 0 -1.4 0 0 2.30708 4.94741 0 -0.2 1.03923 0 
-11.8679 0 0 -1.4 0 0 2.30508 4.9578 0 -0.2 1.03923 0 
-11.8819 0 0 -1.4 0 0 2.30308 4.9682 0 -0.2 1.03923 0 
-11.8959 0 0 -1.4 0 0 2.30108 4.97859 0 -0.2 1.03923 0 
-11.9099 0 0 -1.4 0 0 2.29908 4.98898 0 -0.2 1.03923 0 
-11.9239 0 0 -1.4 0 0 2.29708 4.99937 0 -0.2 1.03923 0 
-11.9379 0 0 -1.4 0 0 2.29508 5.00977 0 -0.2 1.03923 0 
-11.9519 0 0 -1.4 0 0 2.29308 5.02016 0 -0.2 1.03923 0 
-11.9659 0 0 -1.4 0 0 2.29108 5.03055 0 -0.2 1.03923 0 
-11.9799 0 0 -1.4 0 0 2.28908 5.04094 0 -0.2 1.03923 0 
-11.9939 0 0 -1.4 0 0 2.28708 5.05134 0 -0.2 1.03923 0 
-12.0079 0 0 -1.4 0 0 2.28508 5.06173 0 -0.2 1.03923 0 
-12.0219 0 0 -1.4 0 0 2.28308 5.07212 0 -0.2 1.03923 0 
-12.0359 0 0 -1.4 0 0 2.28108 5.08251 0 -0.2 1.03923 0 
-12.0499 0 0 -1.4 0 0 2.27908 5.0929 0 -0.2 1.03923 0 
-12.0639 0 0 -1.4 0 0 2.27708 5.1033 0 -0.2 1.03923 0 
-12.0779 0 0 -1.4 0 0 2.27508 5.11369 0 -0.2 1.03923 0 
-12.0919 0 0 -1.4 0 0 2.27308 5.12408 0 -0.2 1.03923 0 
-12.1059 0 0 -1.4 0 0 2.27108 5.13447 0 -0.2 1.03923 0 
-12.1199 0 0 -1.4 0 0 2.26908 5.14487 0 -0.2 1.03923 0 
-12.1339 0 0 -1.4 0 0 2.26708 5.15526 0 -0.2 1.03923 0 
-12.1479 0 0 -1.4 0 0 2.26508 5.16565 0 -0.2 1.03923 0 
-12.1619 0 0 -1.4 0 0 2.26308 5.17604 0 -0.2 1.03923 0 
-12.1759 0 0 -1.4 0 0 2.26108 5.18644 0 -0.2 1.03923 0 
-12.1899 0 0 -1.4 0 0 2.25908 5.19683 0 -0.2 1.03923 0 
-12.2039 0 0 -1.4 0 0 2.25708 5.20722 0 -0.2 1.03923 0 
-12.2179 0 0 -1.4 0 0 2.25508 5.21761 0 -0.2 1.03923 0 
-12.2319 0 0 -1.4 0 0 2.25308 5.228 0 -0.2 1.03923 0 
-12.2459 0 0 -1.4 0 0 2.25108 5.2384 0 -0.2 1.03923 0 
-12.2599 0 0 -1.4 0 0 2.24908 5.24879 0 -0.2 1.03923 0 
-12.2739 0 0 -1.4 0 0 2.24708 5.25918 0 -0.2 1.03923 0 
-12.2879 0 0 -1.4 0 0 2.24508 5.26957 0 -0.2 1.03923 0 
-12.3019 0 0 -1.4 0 0 2.24308 5.27997 0 -0.2 1.03923 0 
-12.3159 0 0 -1.4 0 0 2.24108 5.29036 0 -0.2 1.03923 0 
-12.3299 0 0 -1.4 0 0 2.23908 5.30075 0 -0.2 1.03923 0 
-12.3439 0 0 -1.4 0 0 2.23708 5.31114 0 -0.2 1.03923 0 
-12.3579 0 0 -1.4 0 0 2.23508 5.32154 0 -0.2 1.03923 0 
-12.3719 0 0 -1.4 0 0 2.23308 5.33193 0 -0.2 1.03923 0 
-12.3859 0 0 -1.4 0 0 2.23108 5.34232 0 -0.2 1.03923 0 
-12.3999 0 0 -1.4 0 0 2.22908 5.35271 0 -0.2 1.03923 0 
-12.4139 0 0 -1.4 0 0 2.22708 5.3631 0 -0.2 1.03923 0 
-12.4279 0 0 -1.4 0 0 2.22508 5.3735 0 -0.2 1.03923 0 
-12.4419 0 0 -1.4 0 0 2.22308 5.38389 0 -0.2 1.03923 0 
-12.4559 0 0 -1.4 0 0 2.22108 5.39428 0 -0.2 1.03923 0 
-12.4699 0 0 -1.4 0 0 2.21908 5.40467 0 -0.2 1.03923 0 
-12.4839 0 0 -1.4 0 0 2.21708 5.41507 0 -0.2 1.03923 0 
-12.4979 0 0 -1.4 0 0 2.21508 5.42546 0 -0.2 1.03923 0 
-12.5119 0 0 -1.4 0 0 2.21308 5.43585 0 -0.2 1.03923 0 
-12.5259 0 0 -1.4 0 0 2.21108 5.44624 0 -0.2 1.03923 0 
-12.5399 0 0 -1.4 0 0 2.20908 5.45664 0 -0.2 1.03923 0 
-12.5539 0 0 -1.4 0 0 2.20708 5.46703 0 -0.2 1.03923 0 
-12.5679 0 0 -1.4 0 0 2.20508 5.47742 0 -0.2 1.03923 0 
-12.5819 0 0 -1.4 0 0 2.20308 5.48781 0 -0.2 1.03923 0 
-12.5959 0 0 -1.4 0 0 2.20108 5.4982 0 -0.2 1.03923 0 
-12.6099 0 0 -1.4 0 0 2.19908 5.5086 0 -0.2 1.03923 0 
-12.6239 0 0 -1.4 0 0 2.19708 5.51899 0 -0.2 1.03923 0 
-12.6379 0 0 -1.4 0 0 2.19508 5.52938 0 -0.2 1.03923 0 
-12.6519 0 0 -1.4 0 0 2.19308 5.53977 0 -0.2 1.03923 0 
-12.6659 0 0 -1.4 0 0 2.19108 5.55017 0 -0.2 1.03923 0 
-12.6799 0 0 -1.4 0 0 2.18908 5.56056 0 -0.2 1.03923 0 
-12.6939 0 0 -1.4 0 0 2.18708 5.57095 0 -0.2 1.03923 0 
-12.7079 0 0 -1.4 0 0 2.18508 5.58134 0 -0.2 1.03923 0 
-12.7219 0 0 -1.4 0 0 2.18308 5.59174 0 -0.2 1.03923 0 
-12.7359 0 0 -1.4 0 0 2.18108 5.60213 0 -0.2 1.03923 0 
-12.7499 0 0 -1.4 0 0 2.17908 5.61252 0 -0.2 1.03923 0 
-12.7639 0 0 -1.4 0 0 2.17708 5.62291 0 -0.2 1.03923 0 
-12.7779 0 0 -1.4 0 0 2.17508 5.6333 0 -0.2 1.03923 0 
-12.7919 0 0 -1.4 0 0 2.17308 5.6437 0 -0.2 1.03923 0 
-12.8059 0 0 -1.4 0 0 2.17108 5.65409 0 -0.2 1.03923 0 
-12.8199 0 0 -1.4 0 0 2.16908 5.66448 0 -0.2 1.03923 0 
-12.8339 0 0 -1.4 0 0 2.16708 5.67487 0 -0.2 1.03923 0 
-12.8479 0 0 -1.4 0 0 2.16508 5.68527 0 -0.2 1.03923 0 
-12.8619 0 0 -1.4 0 0 2.16308 5.69566 0 -0.2 1.03923 0 
-12.8759 0 0 -1.4 0 0 2.16108 5.70605 0 -0.2 1.03923 0 
-12.8899 0 0 -1.4 0 0 2.15908 5.71644 0 -0.2 1.03923 0 
-12.9039 0 0 -1.4 0 0 2.15708 5.72684 0 -0.2 1.03923 0 
-12.9179 0 0 -1.4 0 0 2.15508 5.73723 0 -0.2 1.03923 0 
-12.9319 0 0 -1.4 0 0 2.15308 5.74762 0 -0.2 1.03923 0 
-12.9459 0 0 -1.4 0 0 2.15108 5.75801 0 -0.2 1.03923 0 
-12.9599 0 0 -1.4 0 0 2.14908 5.7684 0 -0.2 1.03923 0 
-12.9739 0 0 -1.4 0 0 2.14708 5.7788 0 -0.2 1.03923 0 
-12.9879 0 0 -1.4 0 0 2.14508 5.78919 0 -0.2 1.03923 0 
-13.0019 0 0 -1.4 0 0 2.14308 5.79958 0 -0.2 1.03923 0 
-13.0159 0 0 -1.4 0 0 2.14108 5.80997 0 -0.2 1.03923 0 
-13.0299 0 0 -1.4 0 0 2.13908 5.82037 0 -0.2 1.03923 0 
-13.0439 0 0 -1.4 0 0 2.13708 5.83076 0 -0.2 1.03923 0 
-13.0579 0 0 -1.4 0 0 2.13508 5.84115 0 -0.2 1.03923 0 
-13.0719 0 0 -1.4 0 0 2.13308 5.85154 0 -0.2 1.03923 0 
-13.0859 0 0 -1.4 0 0 2.13108 5.86194 0 -0.2 1.03923 0 
-13.0999 0 0 -1.4 0 0 2.12908 5.87233 0 -0.2 1.03923 0 
-13.1139 0 0 -1.4 0 0 2.12708 5.88272 0 -0.2 1.03923 0 
-13.1279 0 0 -1.4 0 0 2.12508 5.89311 0 -0.2 1.03923 0 
-13.1419 0 0 -1.4 0 0 2.12308 5.9035 0 -0.2 1.03923 0 
-13.1559 0 0 -1.4 0 0 2.12108 5.9139 0 -0.2 1.03923 0 
-13.1699 0 0 -1.4 0 0 2.11908 5.92429 0 -0.2 1.03923 0 
-13.1839 0 0 -1.4 0 0 2.11708 5.93468 0 -0.2 1.03923 0 
-13.1979 0 0 -1.4 0 0 2.11508 5.94507 0 -0.2 1.03923 0 
-13.2119 0 0 -1.4 0 0 2.11308 5.95547 0 -0.2 1.03923 0 
-13.2259 0 0 -1.4 0 0 2.11108 5.96586 0 -0.2 1.03923 0 
-13.2399 0 0 -1.4 0 0 2.10908 5.97625 0 -0.2 1.03923 0 
-13.2539 0 0 -1.4 0 0 2.10708 5.98664 0 -0.2 1.03923 0 
-13.2679 0 0 -1.4 0 0 2.10508 5.99704 0 -0.2 1.03923 0 
-13.2819 0 0 -1.4 0 0 2.10308 6.00743 0 -0.2 1.03923 0 
-13.2959 0 0 -1.4 0 0 2.10108 6.01782 0 -0.2 1.03923 0 
-13.3099 0 0 -1.4 0 0 2.09908 6.02821 0 -0.2 1.03923 0 
-13.3239 0 0 -1.4 0 0 2.09708 6.0386 0 -0.2 1.03923 0 
-13.3379 0 0 -1.4 0 0 2.09508 6.049 0 -0.2 1.03923 0 
-13.3519 0 0 -1.4 0 0 2.09308 6.05939 0 -0.2 1.03923 0 
-13.3659 0 0 -1.4 0 0 2.09108 6.06978 0 -0.2 1.03923 0 
-13.3799 0 0 -1.4 0 0 2.08908 6.08017 0 -0.2 1.03923 0 
-13.3939 0 0 -1.4 0 0 2.08708 6.09057 0 -0.2 1.03923 0 
-13.4079 0 0 -1.4 0 0 2.08508 6.10096 0 -0.2 1.03923 0 
-13.4219 0 0 -1.4 0 0 2.08308 6.11135 0 -0.2 1.03923 0 
-13.4359 0 0 -1.4 0 0 2.08108 6.12174 0 -0.2 1.03923 0 
-13.4499 0 0 -1.4 0 0 2.07908 6.13214 0 -0.2 1.03923 0 
-13.4639 0 0 -1.4 0 0 2.07708 6.14253 0 -0.2 1.03923 0 
-13.4779 0 0 -1.4 0 0 2.07508 6.15292 0 -0.2 1.03923 0 
-13.4919 0 0 -1.4 0 0 2.07308 6.16331 0 -0.2 1.03923 0 
-13.5059 0 0 -1.4 0 0 2.07108 6.1737 0 -0.2 1.03923 0 
-13.5199 0 0 -1.4 0 0 2.06908 6.1841 0 -0.2 1.03923 0 
-13.5339 0 0 -1.4 0 0 2.06708 6.19449 0 -0.2 1.03923 0 
-13.5479 0 0 -1.4 0 0 2.06508 6.20488 0 -0.2 1.03923 0 
-13.5619 0 0 -1.4 0 0 2.06308 6.21527 0 -0.2 1.03923 0 
-13.5759 0 0 -1.4 0 0 2.06108 6.22567 0 -0.2 1.03923 0 
-13.5899 0 0 -1.4 0 0 2.05908 6.23606 0 -0.2 1.03923 0 
-13.6039 0 0 -1.4 0 0 2.05708 6.24645 0 -0.2 1.03923 0 
-13.6179 0 0 -1.4 0 0 2.05508 6.25684 0 -0.2 1.03923 0 
-13.6319 0 0 -1.4 0 0 2.05308 6.26724 0 -0.2 1.03923 0 
-13.6459 0 0 -1.4 0 0 2.05108 6.27763 0 -0.2 1.03923 0 
-13.6599 0 0 -1.4 0 0 2.04908 6.28802 0 -0.2 1.03923 0 
-13.6739 0 0 -1.4 0 0 2.04708 6.29841 0 -0.2 1.03923 0 
-13.6879 0 0 -1.4 0 0 2.04508 6.3088 0 -0.2 1.03923 0 
-13.7019 0 0 -1.4 0 0 2.04308 6.3192 0 -0.2 1.03923 0 
-13.7159 0 0 -1.4 0 0 2.04108 6.32959 0 -0.2 1.03923 0 
-13.7299 0 0 -1.4 0 0 2.03908 6.33998 0 -0.2 1.03923 0 
-13.7439 0 0 -1.4 0 0 2.03708 6.35037 0 -0.2 1.03923 0 
-13.7579 0 0 -1.4 0 0 2.03508 6.36077 0 -0.2 1.03923 0 
-13.7719 0 0 -1.4 0 0 2.03308 6.37116 0 -0.2 1.03923 0 
-13.7859 0 0 -1.4 0 0 2.03108 6.38155 0 -0.2 1.03923 0 
-13.7999 0 0 -1.4 0 0 2.02908 6.39194 0 -0.2 1.03923 0 
-13.8139 0 0 -1.4 0 0 2.02708 6.40234 0 -0.2 1.03923 0 
-13.8279 0 0 -1.4 0 0 2.02508 6.41273 0 -0.2 1.03923 0 
-13.8419 0 0 -1.4 0 0 2.02308 6.42312 0 -0.2 1.03923 0 
-13.8559 0 0 -1.4 0 0 2.02108 6.43351 0 -0.2 1.03923 0 
-13.8699 0 0 -1.4 0 0 2.01908 6.4439 0 -0.2 1.03923 0 
-13.8839 0 0 -1.4 0 0 2.01708 6.4543 0 -0.2 1.03923 0 
-13.8979 0 0 -1.4 0 0 2.01508 6.46469 0 -0.2 1.03923 0 
-13.9119 0 0 -1.4 0 0 2.01308 6.47508 0 -0.2 1.03923 0 
-13.9259 0 0 -1.4 0 0 2.01108 6.48547 0 -0.2 1.03923 0 
-13.9399 0 0 -1.4 0 0 2.00908 6.49587 0 -0.2 1.03923 0 
-13.9539 0 0 -1.4 0 0 2.00708 6.50626 0 -0.2 1.03923 0 
-13.9679 0 0 -1.4 0 0 2.00508 6.51665 0 -0.2 1.03923 0 
-13.9819 0 0 -1.4 0 0 2.00308 6.52704 0 -0.2 1.03923 0 
-13.9959 0 0 -1.4 0 0 2.00108 6.53744 0 -0.2 1.03923 0 
-14.0099 0 0 -1.4 0 0 1.99908 6.54783 0 -0.2 1.03923 0 
-14.0239 0 0 -1.4 0 0 1.99708 6.55822 0 -0.2 1.03923 0 
-14.0379 0 0 -1.4 0 0 1.99508 6.56861 0 -0.2 1.03923 0 
-14.0519 0 0 -1.4 0 0 1.99308 6.579 0 -0.2 1.03923 0 
-14.0659 0 0 -1.4 0 0 1.99108 6.5894 0 -0.2 1.03923 0 
-14.0799 0 0 -1.4 0 0 1.98908 6.59979 0 -0.2 1.03923 0 
-14.0939 0 0 -1.4 0 0 1.98708 6.61018 0 -0.2 1.03923 0 
-14.1079 0 0 -1.4 0 0 1.98508 6.62057 0 -0.2 1.03923 0 
-14.1219 0 0 -1.4 0 0 1.98308 6.63097 0 -0.2 1.03923 0 
-14.1359 0 0 -1.4 0 0 1.98108 6.64136 0 -0.2 1.03923 0 
-14.1499 0 0 -1.4 0 0 1.97908 6.65175 0 -0.2 1.03923 0 
-14.1639 0 0 -1.4 0 0 1.97708 6.66214 0 -0.2 1.03923 0 
-14.1779 0 0 -1.4 0 0 1.97508 6.67254 0 -0.2 1.03923 0 
-14.1919 0 0 -1.4 0 0 1.97308 6.68293 0 -0.2 1.03923 0 
-14.2059 0 0 -1.4 0 0 1.97108 6.69332 0 -0.2 1.03923 0 
-14.2199 0 0 -1.4 0 0 1.96908 6.70371 0 -0.2 1.03923 0 
-14.2339 0 0 -1.4 0 0 1.96708 6.7141 0 -0.2 1.03923 0 
-14.2479 0 0 -1.4 0 0 1.96508 6.7245 0 -0.2 1.03923 0 
-14.2619 0 0 -1.4 0 0 1.96308 6.73489 0 -0.2 1.03923 0 
-14.2759 0 0 -1.4 0 0 1.96108 6.74528 0 -0.2 1.03923 0 
-14.2899 0 0 -1.4 0 0 1.95908 6.75567 0 -0.2 1.03923 0 
-14.3039 0 0 -1.4 0 0 1.95708 6.76607 0 -0.2 1.03923 0 
-14.3179 0 0 -1.4 0 0 1.95508 6.77646 0 -0.2 1.03923 0 
-14.3319 0 0 -1.4 0 0 1.95308 6.78685 0 -0.2 1.03923 0 
-14.3459 0 0 -1.4 0 0 1.95108 6.79724 0 -0.2 1.03923 0 
-14.3599 0 0 -1.4 0 0 1.94908 6.80764 0 -0.2 1.03923 0 
-14.3739 0 0 -1.4 0 0 1.94708 6.81803 0 -0.2 1.03923 0 
-14.3879 0 0 -1.4 0 0 1.94508 6.82842 0 -0.2 1.03923 0 
-14.4019 0 0 -1.4 0 0 1.94308 6.83881 0 -0.2 1.03923 0 
-14.4159 0 0 -1.4 0 0 1.94108 6.8492 0 -0.2 1.03923 0 
-14.4299 0 0 -1.4 0 0 1.93908 6.8596 0 -0.2 1.03923 0 
-14.4439 0 0 -1.4 0 0 1.93708 6.86999 0 -0.2 1.03923 0 
-14.4579 0 0 -1.4 0 0 1.93508 6.88038 0 -0.2 1.03923 0 
-14.4719 0 0 -1.4 0 0 1.93308 6.89077 0 -0.2 1.03923 0 
-14.4859 0 0 -1.4 0 0 1.93108 6.90117 0 -0.2 1.03923 0 
-14.4999 0 0 -1.4 0 0 1.92908 6.91156 0 -0.2 1.03923 0 
-14.5139 0 0 -1.4 0 0 1.92708 6.92195 0 -0.2 1.03923 0 
-14.5279 0 0 -1.4 0 0 1.92508 6.93234 0 -0.2 1.03923 0 
-14.5419 0 0 -1.4 0 0 1.92308 6.94274 0 -0.2 1.03923 0 
-14.5559 0 0 -1.4 0 0 1.92108 6.95313 0 -0.2 1.03923 0 
-14.5699 0 0 -1.4 0 0 1.91908 6.96352 0 -0.2 1.03923 0 
-14.5839 0 0 -1.4 0 0 1.91708 6.97391 0 -0.2 1.03923 0 
-14.5979 0 0 -1.4 0 0 1.91508 6.9843 0 -0.2 1.03923 0 
-14.6119 0 0 -1.4 0 0 1.91308 6.9947 0 -0.2 1.03923 0 
-14.6259 0 0 -1.4 0 0 1.91108 7.00509 0 -0.2 1.03923 0 
-14.6399 0 0 -1.4 0 0 1.90908 7.01548 0 -0.2 1.03923 0 
-14.6539 0 0 -1.4 0 0 1.90708 7.02587 0 -0.2 1.03923 0 
-14.6679 0 0 -1.4 0 0 1.90508 7.03627 0 -0.2 1.03923 0 
-14.6819 0 0 -1.4 0 0 1.90308 7.04666 0 -0.2 1.03923 0 
-14.6959 0 0 -1.4 0 0 1.90108 7.05705 0 -0.2 1.03923 0 
-14.7099 0 0 -1.4 0 0 1.89908 7.06744 0 -0.2 1.03923 0 
-14.7239 0 0 -1.4 0 0 1.89708 7.07784 0 -0.2 1.03923 0 
-14.7379 0 0 -1.4 0 0 1.89508 7.08823 0 -0.2 1.03923 0 
-14.7519 0 0 -1.4 0 0 1.89308 7.09862 0 -0.2 1.03923 0 
-14.7659 0 0 -1.4 0 0 1.89108 7.10901 0 -0.2 1.03923 0 
-14.7799 0 0 -1.4 0 0 1.88908 7.1194 0 -0.2 1.03923 0 
-14.7939 0 0 -1.4 0 0 1.88708 7.1298 0 -0.2 1.03923 0 
-14.8079 0 0 -1.4 0 0 1.88508 7.14019 0 -0.2 1.03923 0 
-14.8219 0 0 -1.4 0 0 1.88308 7.15058 0 -0.2 1.03923 0 
-14.8359 0 0 -1.4 0 0 1.88108 7.16097 0 -0.2 1.03923 0 
-14.8499 0 0 -1.4 0 0 1.87908 7.17137 0 -0.2 1.03923 0 
-14.8639 0 0 -1.4 0 0 1.87708 7.18176 0 -0.2 1.03923 0 
-14.8779 0 0 -1.4 0 0 1.87508 7.19215 0 -0.2 1.03923 0 
-14.8919 0 0 -1.4 0 0 1.87308 7.20254 0 -0.2 1.03923 0 
-14.9059 0 0 -1.4 0 0 1.87108 7.21294 0 -0.2 1.03923 0 
-14.9199 0 0 -1.4 0 0 1.86908 7.22333 0 -0.2 1.03923 0 
-14.9339 0 0 -1.4 0 0 1.86708 7.23372 0 -0.2 1.03923 0 
-14.9479 0 0 -1.4 0 0 1.86508 7.24411 0 -0.2 1.03923 0 
-14.9619 0 0 -1.4 0 0 1.86308 7.2545 0 -0.2 1.03923 0 
-14.9759 0 0 -1.4 0 0 1.86108 7.2649 0 -0.2 1.03923 0 
-14.9899 0 0 -1.4 0 0 1.85908 7.27529 0 -0.2 1.03923 0 
-15.0039 0 0 -1.4 0 0 1.85708 7.28568 0 -0.2 1.03923 0 
-15.0179 0 0 -1.4 0 0 1.85508 7.29607 0 -0.2 1.03923 0 
-15.0319 0 0 -1.4 0 0 1.85308 7.30647 0 -0.2 1.03923 0 
-15.0459 0 0 -1.4 0 0 1.85108 7.31686 0 -0.2 1.03923 0 
-15.0599 0 0 -1.4 0 0 1.84908 7.32725 0 -0.2 1.03923 0 
-15.0739 0 0 -1.4 0 0 1.84708 7.33764 0 -0.2 1.03923 0 
-15.0879 0 0 -1.4 0 0 1.84508 7.34804 0 -0.2 1.03923 0 
-15.1019 0 0 -1.4 0 0 1.84308 7.35843 0 -0.2 1.03923 0 
-15.1159 0 0 -1.4 0 0 1.84108 7.36882 0 -0.2 1.03923 0 
-15.1299 0 0 -1.4 0 0 1.83908 7.37921 0 -0.2 1.03923 0 
-15.1439 0 0 -1.4 0 0 1.83708 7.3896 0 -0.2 1.03923 0 
-15.1579 0 0 -1.4 0 0 1.83508 7.4 0 -0.2 1.03923 0 
-15.1719 0 0 -1.4 0 0 1.83308 7.41039 0 -0.2 1.03923 0 
-15.1859 0 0 -1.4 0 0 1.83108 7.42078 0 -0.2 1.03923 0 
-15.1999 0 0 -1.4 0 0 1.82908 7.43117 0 -0.2 1.03923 0 
-15.2139 0 0 -1.4 0 0 1.82708 7.44157 0 -0.2 1.03923 0 
-15.2279 0 0 -1.4 0 0 1.82508 7.45196 0 -0.2 1.03923 0 
-15.2419 0 0 -1.4 0 0 1.82308 7.46235 0 -0.2 1.03923 0 
-15.2559 0 0 -1.4 0 0 1.82108 7.47274 0 -0.2 1.03923 0 
-15.2699 0 0 -1.4 0 0 1.81908 7.48313 0 -0.2 1.03923 0 
-15.2839 0 0 -1.4 0 0 1.81708 7.49353 0 -0.2 1.03923 0 
-15.2979 0 0 -1.4 0 0 1.81508 7.50392 0 -0.2 1.03923 0 
-15.3119 0 0 -1.4 0 0 1.81308 7.51431 0 -0.2 1.03923 0 
-15.3259 0 0 -1.4 0 0 1.81108 7.5247 0 -0.2 1.03923 0 
-15.3399 0 0 -1.4 0 0 1.80908 7.5351 0 -0.2 1.03923 0 
-15.3539 0 0 -1.4 0 0 1.80708 7.54549 0 -0.2 1.03923 0 
-15.3679 0 0 -1.4 0 0 1.80508 7.55588 0 -0.2 1.03923 0 
-15.3819 0 0 -1.4 0 0 1.80308 7.56627 0 -0.2 1.03923 0 
-15.3959 0 0 -1.4 0 0 1.80108 7.57667 0 -0.2 1.03923 0 
-15.4099 0 0 -1.4 0 0 1.79908 7.58706 0 -0.2 1.03923 0 
-15.4239 0 0 -1.4 0 0 1.79708 7.59745 0 -0.2 1.03923 0 
-15.4379 0 0 -1.4 0 0 1.79508 7.60784 0 -0.2 1.03923 0 
-15.4519 0 0 -1.4 0 0 1.79308 7.61823 0 -0.2 1.03923 0 
-15.4659 0 0 -1.4 0 0 1.79108 7.62863 0 -0.2 1.03923 0 
-15.4799 0 0 -1.4 0 0 1.78908 7.63902 0 -0.2 1.03923 0 
-15.4939 0 0 -1.4 0 0 1.78708 7.64941 0 -0.2 1.03923 0 
-15.5079 0 0 -1.4 0 0 1.78508 7.6598 0 -0.2 1.03923 0 
-15.5219 0 0 -1.4 0 0 1.78308 7.6702 0 -0.2 1.03923 0 
-15.5359 0 0 -1.4 0 0 1.78108 7.68059 0 -0.2 1.03923 0 
-15.5499 0 0 -1.4 0 0 1.77908 7.69098 0 -0.2 1.03923 0 
-15.5639 0 0 -1.4 0 0 1.77708 7.70137 0 -0.2 1.03923 0 
-15.5779 0 0 -1.4 0 0 1.77508 7.71177 0 -0.2 1.03923 0 
-15.5919 0 0 -1.4 0 0 1.77308 7.72216 0 -0.2 1.03923 0 
-15.6059 0 0 -1.4 0 0 1.77108 7.73255 0 -0.2 1.03923 0 
-15.6199 0 0 -1.4 0 0 1.76908 7.74294 0 -0.2 1.03923 0 
-15.6339 0 0 -1.4 0 0 1.76708 7.75333 0 -0.2 1.03923 0 
-15.6479 0 0 -1.4 0 0 1.76508 7.76373 0 -0.2 1.03923 0 
-15.6619 0 0 -1.4 0 0 1.76308 7.77412 0 -0.2 1.03923 0 
-15.6759 0 0 -1.4 0 0 1.76108 7.78451 0 -0.2 1.03923 0 
-15.6899 0 0 -1.4 0 0 1.75908 7.7949 0 -0.2 1.03923 0 
-15.7039 0 0 -1.4 0 0 1.75708 7.8053 0 -0.2 1.03923 0 
-15.7179 0 0 -1.4 0 0 1.75508 7.81569 0 -0.2 1.03923 0 
-15.7319 0 0 -1.4 0 0 1.75308 7.82608 0 -0.2 1.03923 0 
-15.7459 0 0 -1.4 0 0 1.75108 7.83647 0 -0.2 1.03923 0 
-15.7599 0 0 -1.4 0 0 1.74908 7.84687 0 -0.2 1.03923 0 
-15.7739 0 0 -1.4 0 0 1.74708 7.85726 0 -0.2 1.03923 0 
-15.7879 0 0 -1.4 0 0 1.74508 7.86765 0 -0.2 1.03923 0 
-15.8019 0 0 -1.4 0 0 1.74308 7.87804 0 -0.2 1.03923 0 
-15.8159 0 0 -1.4 0 0 1.74108 7.88843 0 -0.2 1.03923 0 
-15.8299 0 0 -1.4 0 0 1.73908 7.89883 0 -0.2 1.03923 0 
-15.8439 0 0 -1.4 0 0 1.73708 7.90922 0 -0.2 1.03923 0 
-15.8579 0 0 -1.4 0 0 1.73508 7.91961 0 -0.2 1.03923 0 
-15.8719 0 0 -1.4 0 0 1.73308 7.93 0 -0.2 1.03923 0 
-15.8859 0 0 -1.4 0 0 1.73108 7.9404 0 -0.2 1.03923 0 
-15.8999 0 0 -1.4 0 0 1.72908 7.95079 0 -0.2 1.03923 0 
-15.9139 0 0 -1.4 0 0 1.72708 7.96118 0 -0.2 1.03923 0 
-15.9279 0 0 -1.4 0 0 1.72508 7.97157 0 -0.2 1.03923 0 
-15.9419 0 0 -1.4 0 0 1.72308 7.98197 0 -0.2 1.03923 0 
-15.9559 0 0 -1.4 0 0 1.72108 7.99236 0 -0.2 1.03923 0 
-15.9699 0 0 -1.4 0 0 1.71908 8.00275 0 -0.2 1.03923 0 
-15.9839 0 0 -1.4 0 0 1.71708 8.01314 0 -0.2 1.03923 0 
-15.9979 0 0 -1.4 0 0 1.71508 8.02353 0 -0.2 1.03923 0 
-16.0119 0 0 -1.4 0 0 1.71308 8.03393 0 -0.2 1.03923 0 
-16.0259 0 0 -1.4 0 0 1.71108 8.04432 0 -0.2 1.03923 0 
-16.0399 0 0 -1.4 0 0 1.70908 8.05471 0 -0.2 1.03923 0 