Unnamed Unnamed_copy
8.01721 0 0 0 0 0 -7.50918 0 0 0 0 0 
8.0172 0 0 -0.00276725 0 0 -7.50917 0 0 0.00276725 0 0 
8.01716 0 0 -0.0055359 0 0 -7.50913 0 0 0.0055359 0 0 
8.01709 0 0 -0.00830459 0 0 -7.50906 0 0 0.00830459 0 0 
8.01699 0 0 -0.0110733 0 0 -7.50896 0 0 0.0110733 0 0 
8.01687 0 0 -0.0138422 0 0 -7.50883 0 0 0.0138422 0 0 
8.01672 0 0 -0.0166111 0 0 -7.50868 0 0 0.0166111 0 0 
8.01654 0 0 -0.0193801 0 0 -7.5085 0 0 0.0193801 0 0 
8.01633 0 0 -0.0221493 0 0 -7.5083 0 0 0.0221493 0 0 
8.01609 0 0 -0.0249187 0 0 -7.50806 0 0 0.0249187 0 0 
8.01583 0 0 -0.0276882 0 0 -7.5078 0 0 0.0276882 0 0 
8.01554 0 0 -0.0304579 0 0 -7.50751 0 0 0.0304579 0 0 
8.01522 0 0 -0.0332278 0 0 -7.50719 0 0 0.0332278 0 0 
8.01487 0 0 -0.035998 0 0 -7.50684 0 0 0.035998 0 0 
8.0145 0 0 -0.0387684 0 0 -7.50647 0 0 0.0387684 0 0 
8.0141 0 0 -0.0415391 0 0 -7.50607 0 0 0.0415391 0 0 
8.01367 0 0 -0.0443101 0 0 -7.50564 0 0 0.0443101 0 0 
8.01321 0 0 -0.0470815 0 0 -7.50518 0 0 0.0470815 0 0 
8.01273 0 0 -0.0498531 0 0 -7.5047 0 0 0.0498531 0 0 
8.01222 0 0 -0.0526251 0 0 -7.50418 0 0 0.0526251 0 0 
8.01168 0 0 -0.0553975 0 0 -7.50364 0 0 0.0553975 0 0 
8.01111 0 0 -0.0581703 0 0 -7.50307 0 0 0.0581703 0 0 
8.01051 0 0 -0.0609435 0 0 -7.50248 0 0 0.0609435 0 0 
8.00989 0 0 -0.0637171 0 0 -7.50186 0 0 0.0637171 0 0 
8.00924 0 0 -0.0664912 0 0 -7.5012 0 0 0.0664912 0 0 
8.00856 0 0 -0.0692658 0 0 -7.50053 0 0 0.0692658 0 0 
8.00785 0 0 -0.0720409 0 0 -7.49982 0 0 0.0720409 0 0 
8.00712 0 0 -0.0748164 0 0 -7.49909 0 0 0.0748164 0 0 
8.00636 0 0 -0.0775926 0 0 -7.49832 0 0 0.0775926 0 0 
8.00557 0 0 -0.0803692 0 0 -7.49753 0 0 0.0803692 0 0 
8.00475 0 0 -0.0831465 0 0 -7.49672 0 0 0.0831465 0 0 
8.0039 0 0 -0.0859243 0 0 -7.49587 0 0 0.0859243 0 0 
8.00303 0 0 -0.0887028 0 0 -7.495 0 0 0.0887028 0 0 
8.00213 0 0 -0.0914819 0 0 -7.4941 0 0 0.0914819 0 0 
8.0012 0 0 -0.0942616 0 0 -7.49317 0 0 0.0942616 0 0 
8.00024 0 0 -0.097042 0 0 -7.49221 0 0 0.097042 0 0 
7.99926 0 0 -0.0998232 0 0 -7.49123 0 0 0.0998232 0 0 
7.99825 0 0 -0.102605 0 0 -7.49021 0 0 0.102605 0 0 
7.99721 0 0 -0.105388 0 0 -7.48917 0 0 0.105388 0 0 
7.99614 0 0 -0.108171 0 0 -7.48811 0 0 0.108171 0 0 
7.99504 0 0 -0.110955 0 0 -7.48701 0 0 0.110955 0 0 
7.99392 0 0 -0.11374 0 0 -7.48589 0 0 0.11374 0 0 
7.99277 0 0 -0.116526 0 0 -7.48474 0 0 0.116526 0 0 
7.99159 0 0 -0.119312 0 0 -7.48356 0 0 0.119312 0 0 
7.99038 0 0 -0.1221 0 0 -7.48235 0 0 0.1221 0 0 
7.98915 0 0 -0.124888 0 0 -7.48112 0 0 0.124888 0 0 
7.98788 0 0 -0.127677 0 0 -7.47985 0 0 0.127677 0 0 
7.98659 0 0 -0.130467 0 0 -7.47856 0 0 0.130467 0 0 
7.98528 0 0 -0.133258 0 0 -7.47724 0 0 0.133258 0 0 
7.98393 0 0 -0.13605 0 0 -7.4759 0 0 0.13605 0 0 
7.98255 0 0 -0.138843 0 0 -7.47452 0 0 0.138843 0 0 
7.98115 0 0 -0.141637 0 0 -7.47312 0 0 0.141637 0 0 
7.97972 0 0 -0.144433 0 0 -7.47169 0 0 0.144433 0 0 
7.97826 0 0 -0.147229 0 0 -7.47023 0 0 0.147229 0 0 
7.97678 0 0 -0.150026 0 0 -7.46874 0 0 0.150026 0 0 
7.97526 0 0 -0.152824 0 0 -7.46723 0 0 0.152824 0 0 
7.97372 0 0 -0.155623 0 0 -7.46569 0 0 0.155623 0 0 
7.97215 0 0 -0.158424 0 0 -7.46412 0 0 0.158424 0 0 
7.97055 0 0 -0.161225 0 0 -7.46252 0 0 0.161225 0 0 
7.96893 0 0 -0.164028 0 0 -7.46089 0 0 0.164028 0 0 
7.96727 0 0 -0.166832 0 0 -7.45924 0 0 0.166832 0 0 
7.96559 0 0 -0.169637 0 0 -7.45756 0 0 0.169637 0 0 
7.96388 0 0 -0.172444 0 0 -7.45585 0 0 0.172444 0 0 
7.96214 0 0 -0.175252 0 0 -7.45411 0 0 0.175252 0 0 
7.96037 0 0 -0.178061 0 0 -7.45234 0 0 0.178061 0 0 
7.95858 0 0 -0.180871 0 0 -7.45055 0 0 0.180871 0 0 
7.95676 0 0 -0.183682 0 0 -7.44872 0 0 0.183682 0 0 
7.95491 0 0 -0.186495 0 0 -7.44687 0 0 0.186495 0 0 
7.95303 0 0 -0.18931 0 0 -7.44499 0 0 0.18931 0 0 
7.95112 0 0 -0.192125 0 0 -7.44309 0 0 0.192125 0 0 
7.94918 0 0 -0.194942 0 0 -7.44115 0 0 0.194942 0 0 
7.94722 0 0 -0.197761 0 0 -7.43919 0 0 0.197761 0 0 
7.94523 0 0 -0.200581 0 0 -7.4372 0 0 0.200581 0 0 
7.94321 0 0 -0.203402 0 0 -7.43518 0 0 0.203402 0 0 
7.94116 0 0 -0.206225 0 0 -7.43313 0 0 0.206225 0 0 
7.93908 0 0 -0.20905 0 0 -7.43105 0 0 0.20905 0 0 
7.93698 0 0 -0.211876 0 0 -7.42895 0 0 0.211876 0 0 
7.93485 0 0 -0.214703 0 0 -7.42681 0 0 0.214703 0 0 
7.93269 0 0 -0.217532 0 0 -7.42465 0 0 0.217532 0 0 
7.9305 0 0 -0.220363 0 0 -7.42246 0 0 0.220363 0 0 
7.92828 0 0 -0.223195 0 0 -7.42025 0 0 0.223195 0 0 
7.92603 0 0 -0.226029 0 0 -7.418 0 0 0.226029 0 0 
7.92376 0 0 -0.228865 0 0 -7.41573 0 0 0.228865 0 0 
7.92146 0 0 -0.231702 0 0 -7.41342 0 0 0.231702 0 0 
7.91912 0 0 -0.234542 0 0 -7.41109 0 0 0.234542 0 0 
7.91676 0 0 -0.237382 0 0 -7.40873 0 0 0.237382 0 0 
7.91438 0 0 -0.240225 0 0 -7.40634 0 0 0.240225 0 0 
7.91196 0 0 -0.243069 0 0 -7.40393 0 0 0.243069 0 0 
7.90951 0 0 -0.245915 0 0 -7.40148 0 0 0.245915 0 0 
7.90704 0 0 -0.248763 0 0 -7.39901 0 0 0.248763 0 0 
7.90454 0 0 -0.251613 0 0 -7.39651 0 0 0.251613 0 0 
7.90201 0 0 -0.254465 0 0 -7.39398 0 0 0.254465 0 0 
7.89945 0 0 -0.257319 0 0 -7.39142 0 0 0.257319 0 0 
7.89686 0 0 -0.260174 0 0 -7.38883 0 0 0.260174 0 0 
7.89425 0 0 -0.263032 0 0 -7.38621 0 0 0.263032 0 0 
7.8916 0 0 -0.265891 0 0 -7.38357 0 0 0.265891 0 0 
7.88893 0 0 -0.268753 0 0 -7.3809 0 0 0.268753 0 0 
7.88623 0 0 -0.271616 0 0 -7.37819 0 0 0.271616 0 0 
7.8835 0 0 -0.274481 0 0 -7.37546 0 0 0.274481 0 0 
7.88074 0 0 -0.277349 0 0 -7.37271 0 0 0.277349 0 0 
7.87795 0 0 -0.280219 0 0 -7.36992 0 0 0.280219 0 0 
7.87513 0 0 -0.28309 0 0 -7.3671 0 0 0.28309 0 0 
7.87229 0 0 -0.285964 0 0 -7.36426 0 0 0.285964 0 0 
7.86941 0 0 -0.28884 0 0 -7.36138 0 0 0.28884 0 0 
7.86651 0 0 -0.291719 0 0 -7.35848 0 0 0.291719 0 0 
7.86358 0 0 -0.294599 0 0 -7.35555 0 0 0.294599 0 0 
7.86062 0 0 -0.297482 0 0 -7.35259 0 0 0.297482 0 0 
7.85763 0 0 -0.300367 0 0 -7.3496 0 0 0.300367 0 0 
7.85461 0 0 -0.303254 0 0 -7.34658 0 0 0.303254 0 0 
7.85156 0 0 -0.306143 0 0 -7.34353 0 0 0.306143 0 0 
7.84849 0 0 -0.309035 0 0 -7.34046 0 0 0.309035 0 0 
7.84538 0 0 -0.311929 0 0 -7.33735 0 0 0.311929 0 0 
7.84225 0 0 -0.314826 0 0 -7.33422 0 0 0.314826 0 0 
7.83909 0 0 -0.317725 0 0 -7.33106 0 0 0.317725 0 0 
7.8359 0 0 -0.320626 0 0 -7.32786 0 0 0.320626 0 0 
7.83267 0 0 -0.32353 0 0 -7.32464 0 0 0.32353 0 0 
7.82942 0 0 -0.326437 0 0 -7.32139 0 0 0.326437 0 0 
7.82615 0 0 -0.329345 0 0 -7.31811 0 0 0.329345 0 0 
7.82284 0 0 -0.332257 0 0 -7.31481 0 0 0.332257 0 0 
7.8195 0 0 -0.335171 0 0 -7.31147 0 0 0.335171 0 0 
7.81613 0 0 -0.338087 0 0 -7.3081 0 0 0.338087 0 0 
7.81274 0 0 -0.341006 0 0 -7.30471 0 0 0.341006 0 0 
7.80931 0 0 -0.343928 0 0 -7.30128 0 0 0.343928 0 0 
7.80586 0 0 -0.346853 0 0 -7.29783 0 0 0.346853 0 0 
7.80238 0 0 -0.34978 0 0 -7.29435 0 0 0.34978 0 0 
7.79886 0 0 -0.35271 0 0 -7.29083 0 0 0.35271 0 0 
7.79532 0 0 -0.355642 0 0 -7.28729 0 0 0.355642 0 0 
7.79175 0 0 -0.358577 0 0 -7.28372 0 0 0.358577 0 0 
7.78815 0 0 -0.361516 0 0 -7.28012 0 0 0.361516 0 0 
7.78452 0 0 -0.364457 0 0 -7.27649 0 0 0.364457 0 0 
7.78086 0 0 -0.3674 0 0 -7.27283 0 0 0.3674 0 0 
7.77717 0 0 -0.370347 0 0 -7.26914 0 0 0.370347 0 0 
7.77346 0 0 -0.373297 0 0 -7.26542 0 0 0.373297 0 0 
7.76971 0 0 -0.376249 0 0 -7.26168 0 0 0.376249 0 0 
7.76593 0 0 -0.379205 0 0 -7.2579 0 0 0.379205 0 0 
7.76212 0 0 -0.382163 0 0 -7.25409 0 0 0.382163 0 0 
7.75829 0 0 -0.385125 0 0 -7.25026 0 0 0.385125 0 0 
7.75442 0 0 -0.388089 0 0 -7.24639 0 0 0.388089 0 0 
7.75053 0 0 -0.391057 0 0 -7.24249 0 0 0.391057 0 0 
7.7466 0 0 -0.394027 0 0 -7.23857 0 0 0.394027 0 0 
7.74264 0 0 -0.397001 0 0 -7.23461 0 0 0.397001 0 0 
7.73866 0 0 -0.399978 0 0 -7.23063 0 0 0.399978 0 0 
7.73465 0 0 -0.402958 0 0 -7.22661 0 0 0.402958 0 0 
7.7306 0 0 -0.405942 0 0 -7.22257 0 0 0.405942 0 0 
7.72653 0 0 -0.408928 0 0 -7.21849 0 0 0.408928 0 0 
7.72242 0 0 -0.411918 0 0 -7.21439 0 0 0.411918 0 0 
7.71829 0 0 -0.414911 0 0 -7.21026 0 0 0.414911 0 0 
7.71412 0 0 -0.417908 0 0 -7.20609 0 0 0.417908 0 0 
7.70993 0 0 -0.420907 0 0 -7.2019 0 0 0.420907 0 0 
7.70571 0 0 -0.423911 0 0 -7.19767 0 0 0.423911 0 0 
7.70145 0 0 -0.426917 0 0 -7.19342 0 0 0.426917 0 0 
7.69717 0 0 -0.429927 0 0 -7.18914 0 0 0.429927 0 0 
7.69285 0 0 -0.432941 0 0 -7.18482 0 0 0.432941 0 0 
7.68851 0 0 -0.435958 0 0 -7.18048 0 0 0.435958 0 0 
7.68413 0 0 -0.438979 0 0 -7.1761 0 0 0.438979 0 0 
7.67973 0 0 -0.442003 0 0 -7.1717 0 0 0.442003 0 0 
7.67529 0 0 -0.445031 0 0 -7.16726 0 0 0.445031 0 0 
7.67083 0 0 -0.448062 0 0 -7.1628 0 0 0.448062 0 0 
7.66633 0 0 -0.451097 0 0 -7.1583 0 0 0.451097 0 0 
7.66181 0 0 -0.454136 0 0 -7.15377 0 0 0.454136 0 0 
7.65725 0 0 -0.457179 0 0 -7.14922 0 0 0.457179 0 0 
7.65266 0 0 -0.460225 0 0 -7.14463 0 0 0.460225 0 0 
7.64805 0 0 -0.463275 0 0 -7.14001 0 0 0.463275 0 0 
7.6434 0 0 -0.466329 0 0 -7.13537 0 0 0.466329 0 0 
7.63872 0 0 -0.469387 0 0 -7.13069 0 0 0.469387 0 0 
7.63401 0 0 -0.472448 0 0 -7.12598 0 0 0.472448 0 0 
7.62927 0 0 -0.475514 0 0 -7.12124 0 0 0.475514 0 0 
7.6245 0 0 -0.478584 0 0 -7.11647 0 0 0.478584 0 0 
7.6197 0 0 -0.481657 0 0 -7.11167 0 0 0.481657 0 0 
7.61487 0 0 -0.484735 0 0 -7.10683 0 0 0.484735 0 0 
7.61 0 0 -0.487816 0 0 -7.10197 0 0 0.487816 0 0 
7.60511 0 0 -0.490902 0 0 -7.09708 0 0 0.490902 0 0 
7.60019 0 0 -0.493992 0 0 -7.09215 0 0 0.493992 0 0 
7.59523 0 0 -0.497086 0 0 -7.0872 0 0 0.497086 0 0 
7.59024 0 0 -0.500184 0 0 -7.08221 0 0 0.500184 0 0 
7.58523 0 0 -0.503286 0 0 -7.07719 0 0 0.503286 0 0 
7.58018 0 0 -0.506393 0 0 -7.07215 0 0 0.506393 0 0 
7.5751 0 0 -0.509504 0 0 -7.06707 0 0 0.509504 0 0 
7.56999 0 0 -0.512619 0 0 -7.06196 0 0 0.512619 0 0 
7.56485 0 0 -0.515739 0 0 -7.05681 0 0 0.515739 0 0 
7.55967 0 0 -0.518863 0 0 -7.05164 0 0 0.518863 0 0 
7.55447 0 0 -0.521991 0 0 -7.04644 0 0 0.521991 0 0 
7.54923 0 0 -0.525124 0 0 -7.0412 0 0 0.525124 0 0 
7.54397 0 0 -0.528262 0 0 -7.03593 0 0 0.528262 0 0 
7.53867 0 0 -0.531404 0 0 -7.03064 0 0 0.531404 0 0 
7.53334 0 0 -0.534551 0 0 -7.02531 0 0 0.534551 0 0 
7.52798 0 0 -0.537702 0 0 -7.01994 0 0 0.537702 0 0 
7.52258 0 0 -0.540858 0 0 -7.01455 0 0 0.540858 0 0 
7.51716 0 0 -0.544018 0 0 -7.00913 0 0 0.544018 0 0 
7.5117 0 0 -0.547184 0 0 -7.00367 0 0 0.547184 0 0 
7.50622 0 0 -0.550354 0 0 -6.99818 0 0 0.550354 0 0 
7.5007 0 0 -0.553529 0 0 -6.99266 0 0 0.553529 0 0 
7.49515 0 0 -0.556709 0 0 -6.98711 0 0 0.556709 0 0 
7.48956 0 0 -0.559893 0 0 -6.98153 0 0 0.559893 0 0 
7.48395 0 0 -0.563083 0 0 -6.97592 0 0 0.563083 0 0 
7.4783 0 0 -0.566277 0 0 -6.97027 0 0 0.566277 0 0 
7.47262 0 0 -0.569477 0 0 -6.96459 0 0 0.569477 0 0 
7.46691 0 0 -0.572682 0 0 -6.95888 0 0 0.572682 0 0 
7.46117 0 0 -0.575891 0 0 -6.95314 0 0 0.575891 0 0 
7.45539 0 0 -0.579106 0 0 -6.94736 0 0 0.579106 0 0 
7.44959 0 0 -0.582326 0 0 -6.94155 0 0 0.582326 0 0 
7.44375 0 0 -0.585552 0 0 -6.93571 0 0 0.585552 0 0 
7.43788 0 0 -0.588782 0 0 -6.92984 0 0 0.588782 0 0 
7.43197 0 0 -0.592018 0 0 -6.92394 0 0 0.592018 0 0 
7.42603 0 0 -0.595259 0 0 -6.918 0 0 0.595259 0 0 
7.42007 0 0 -0.598506 0 0 -6.91203 0 0 0.598506 0 0 
7.41406 0 0 -0.601758 0 0 -6.90603 0 0 0.601758 0 0 
7.40803 0 0 -0.605015 0 0 -6.9 0 0 0.605015 0 0 
7.40196 0 0 -0.608278 0 0 -6.89393 0 0 0.608278 0 0 
7.39587 0 0 -0.611547 0 0 -6.88783 0 0 0.611547 0 0 
7.38973 0 0 -0.614821 0 0 -6.8817 0 0 0.614821 0 0 
7.38357 0 0 -0.618101 0 0 -6.87554 0 0 0.618101 0 0 
7.37737 0 0 -0.621386 0 0 -6.86934 0 0 0.621386 0 0 
7.37114 0 0 -0.624677 0 0 -6.86311 0 0 0.624677 0 0 
7.36488 0 0 -0.627974 0 0 -6.85685 0 0 0.627974 0 0 
7.35858 0 0 -0.631277 0 0 -6.85055 0 0 0.631277 0 0 
7.35225 0 0 -0.634586 0 0 -6.84422 0 0 0.634586 0 0 
7.34589 0 0 -0.637901 0 0 -6.83786 0 0 0.637901 0 0 
7.33949 0 0 -0.641221 0 0 -6.83146 0 0 0.641221 0 0 
7.33307 0 0 -0.644548 0 0 -6.82503 0 0 0.644548 0 0 
7.3266 0 0 -0.64788 0 0 -6.81857 0 0 0.64788 0 0 
7.32011 0 0 -0.651219 0 0 -6.81208 0 0 0.651219 0 0 
7.31358 0 0 -0.654564 0 0 -6.80555 0 0 0.654564 0 0 
7.30702 0 0 -0.657915 0 0 -6.79898 0 0 0.657915 0 0 
7.30042 0 0 -0.661273 0 0 -6.79239 0 0 0.661273 0 0 
7.29379 0 0 -0.664636 0 0 -6.78576 0 0 0.664636 0 0 
7.28713 0 0 -0.668007 0 0 -6.7791 0 0 0.668007 0 0 
7.28043 0 0 -0.671383 0 0 -6.7724 0 0 0.671383 0 0 
7.2737 0 0 -0.674766 0 0 -6.76567 0 0 0.674766 0 0 
7.26694 0 0 -0.678155 0 0 -6.7589 0 0 0.678155 0 0 
7.26014 0 0 -0.681551 0 0 -6.7521 0 0 0.681551 0 0 
7.2533 0 0 -0.684954 0 0 -6.74527 0 0 0.684954 0 0 
7.24644 0 0 -0.688363 0 0 -6.73841 0 0 0.688363 0 0 
7.23954 0 0 -0.691779 0 0 -6.7315 0 0 0.691779 0 0 
7.2326 0 0 -0.695202 0 0 -6.72457 0 0 0.695202 0 0 
7.22563 0 0 -0.698632 0 0 -6.7176 0 0 0.698632 0 0 
7.21863 0 0 -0.702068 0 0 -6.7106 0 0 0.702068 0 0 
7.21159 0 0 -0.705512 0 0 -6.70356 0 0 0.705512 0 0 
7.20452 0 0 -0.708962 0 0 -6.69649 0 0 0.708962 0 0 
7.19741 0 0 -0.71242 0 0 -6.68938 0 0 0.71242 0 0 
7.19027 0 0 -0.715884 0 0 -6.68224 0 0 0.715884 0 0 
7.18309 0 0 -0.719356 0 0 -6.67506 0 0 0.719356 0 0 
7.17588 0 0 -0.722835 0 0 -6.66785 0 0 0.722835 0 0 
7.16864 0 0 -0.726321 0 0 -6.66061 0 0 0.726321 0 0 
7.16136 0 0 -0.729814 0 0 -6.65333 0 0 0.729814 0 0 
7.15404 0 0 -0.733315 0 0 -6.64601 0 0 0.733315 0 0 
7.14669 0 0 -0.736824 0 0 -6.63866 0 0 0.736824 0 0 
7.13931 0 0 -0.74034 0 0 -6.63127 0 0 0.74034 0 0 
7.13188 0 0 -0.743863 0 0 -6.62385 0 0 0.743863 0 0 
7.12443 0 0 -0.747394 0 0 -6.6164 0 0 0.747394 0 0 
7.11694 0 0 -0.750933 0 0 -6.6089 0 0 0.750933 0 0 
7.10941 0 0 -0.75448 0 0 -6.60138 0 0 0.75448 0 0 
7.10185 0 0 -0.758034 0 0 -6.59381 0 0 0.758034 0 0 
7.09425 0 0 -0.761596 0 0 -6.58622 0 0 0.761596 0 0 
7.08661 0 0 -0.765166 0 0 -6.57858 0 0 0.765166 0 0 
7.07895 0 0 -0.768744 0 0 -6.57091 0 0 0.768744 0 0 
7.07124 0 0 -0.772331 0 0 -6.56321 0 0 0.772331 0 0 
7.0635 0 0 -0.775925 0 0 -6.55547 0 0 0.775925 0 0 
7.05572 0 0 -0.779528 0 0 -6.54769 0 0 0.779528 0 0 
7.04791 0 0 -0.783139 0 0 -6.53988 0 0 0.783139 0 0 
7.04006 0 0 -0.786758 0 0 -6.53203 0 0 0.786758 0 0 
7.03217 0 0 -0.790385 0 0 -6.52414 0 0 0.790385 0 0 
7.02425 0 0 -0.794021 0 0 -6.51622 0 0 0.794021 0 0 
7.01629 0 0 -0.797666 0 0 -6.50826 0 0 0.797666 0 0 
7.0083 0 0 -0.801319 0 0 -6.50027 0 0 0.801319 0 0 
7.00027 0 0 -0.804981 0 0 -6.49223 0 0 0.804981 0 0 
6.9922 0 0 -0.808652 0 0 -6.48417 0 0 0.808652 0 0 
6.98409 0 0 -0.812331 0 0 -6.47606 0 0 0.812331 0 0 
6.97595 0 0 -0.816019 0 0 -6.46792 0 0 0.816019 0 0 
6.96777 0 0 -0.819717 0 0 -6.45974 0 0 0.819717 0 0 
6.95956 0 0 -0.823423 0 0 -6.45152 0 0 0.823423 0 0 
6.9513 0 0 -0.827139 0 0 -6.44327 0 0 0.827139 0 0 
6.94301 0 0 -0.830863 0 0 -6.43498 0 0 0.830863 0 0 
6.93469 0 0 -0.834597 0 0 -6.42665 0 0 0.834597 0 0 
6.92632 0 0 -0.83834 0 0 -6.41829 0 0 0.83834 0 0 
6.91792 0 0 -0.842093 0 0 -6.40989 0 0 0.842093 0 0 
6.90948 0 0 -0.845855 0 0 -6.40145 0 0 0.845855 0 0 
6.901 0 0 -0.849627 0 0 -6.39297 0 0 0.849627 0 0 
6.89249 0 0 -0.853408 0 0 -6.38446 0 0 0.853408 0 0 
6.88393 0 0 -0.857199 0 0 -6.3759 0 0 0.857199 0 0 
6.87534 0 0 -0.861 0 0 -6.36731 0 0 0.861 0 0 
6.86671 0 0 -0.864811 0 0 -6.35868 0 0 0.864811 0 0 
6.85805 0 0 -0.868632 0 0 -6.35001 0 0 0.868632 0 0 
6.84934 0 0 -0.872463 0 0 -6.34131 0 0 0.872463 0 0 
6.8406 0 0 -0.876304 0 0 -6.33257 0 0 0.876304 0 0 
6.83182 0 0 -0.880155 0 0 -6.32378 0 0 0.880155 0 0 
6.82299 0 0 -0.884017 0 0 -6.31496 0 0 0.884017 0 0 
6.81414 0 0 -0.887889 0 0 -6.3061 0 0 0.887889 0 0 
6.80524 0 0 -0.891771 0 0 -6.2972 0 0 0.891771 0 0 
6.7963 0 0 -0.895665 0 0 -6.28827 0 0 0.895665 0 0 
6.78732 0 0 -0.899568 0 0 -6.27929 0 0 0.899568 0 0 
6.77831 0 0 -0.903483 0 0 -6.27028 0 0 0.903483 0 0 
6.76925 0 0 -0.907408 0 0 -6.26122 0 0 0.907408 0 0 
6.76016 0 0 -0.911344 0 0 -6.25213 0 0 0.911344 0 0 
6.75103 0 0 -0.915292 0 0 -6.24299 0 0 0.915292 0 0 
6.74185 0 0 -0.91925 0 0 -6.23382 0 0 0.91925 0 0 
6.73264 0 0 -0.92322 0 0 -6.22461 0 0 0.92322 0 0 
6.72339 0 0 -0.927201 0 0 -6.21536 0 0 0.927201 0 0 
6.7141 0 0 -0.931194 0 0 -6.20607 0 0 0.931194 0 0 
6.70477 0 0 -0.935198 0 0 -6.19673 0 0 0.935198 0 0 
6.69539 0 0 -0.939213 0 0 -6.18736 0 0 0.939213 0 0 
6.68598 0 0 -0.943241 0 0 -6.17795 0 0 0.943241 0 0 
6.67653 0 0 -0.94728 0 0 -6.1685 0 0 0.94728 0 0 
6.66704 0 0 -0.951331 0 0 -6.159 0 0 0.951331 0 0 
6.6575 0 0 -0.955394 0 0 -6.14947 0 0 0.955394 0 0 
6.64793 0 0 -0.95947 0 0 -6.1399 0 0 0.95947 0 0 
6.63831 0 0 -0.963557 0 0 -6.13028 0 0 0.963557 0 0 
6.62866 0 0 -0.967657 0 0 -6.12062 0 0 0.967657 0 0 
6.61896 0 0 -0.97177 0 0 -6.11093 0 0 0.97177 0 0 
6.60922 0 0 -0.975895 0 0 -6.10119 0 0 0.975895 0 0 
6.59944 0 0 -0.980032 0 0 -6.09141 0 0 0.980032 0 0 
6.58962 0 0 -0.984183 0 0 -6.08159 0 0 0.984183 0 0 
6.57976 0 0 -0.988346 0 0 -6.07173 0 0 0.988346 0 0 
6.56985 0 0 -0.992522 0 0 -6.06182 0 0 0.992522 0 0 
6.55991 0 0 -0.996712 0 0 -6.05188 0 0 0.996712 0 0 
6.54992 0 0 -1.00091 0 0 -6.04189 0 0 1.00091 0 0 
6.53989 0 0 -1.00513 0 0 -6.03186 0 0 1.00513 0 0 
6.52982 0 0 -1.00936 0 0 -6.02178 0 0 1.00936 0 0 
6.5197 0 0 -1.0136 0 0 -6.01167 0 0 1.0136 0 0 
6.50954 0 0 -1.01786 0 0 -6.00151 0 0 1.01786 0 0 
6.49934 0 0 -1.02213 0 0 -5.99131 0 0 1.02213 0 0 
6.4891 0 0 -1.02642 0 0 -5.98107 0 0 1.02642 0 0 
6.47882 0 0 -1.03072 0 0 -5.97078 0 0 1.03072 0 0 
6.46849 0 0 -1.03503 0 0 -5.96046 0 0 1.03503 0 0 
6.45812 0 0 -1.03936 0 0 -5.95008 0 0 1.03936 0 0 
6.4477 0 0 -1.0437 0 0 -5.93967 0 0 1.0437 0 0 
6.43724 0 0 -1.04806 0 0 -5.92921 0 0 1.04806 0 0 
6.42674 0 0 -1.05243 0 0 -5.91871 0 0 1.05243 0 0 
6.41619 0 0 -1.05681 0 0 -5.90816 0 0 1.05681 0 0 
6.4056 0 0 -1.06122 0 0 -5.89757 0 0 1.06122 0 0 
6.39497 0 0 -1.06563 0 0 -5.88694 0 0 1.06563 0 0 
6.38429 0 0 -1.07007 0 0 -5.87626 0 0 1.07007 0 0 
6.37357 0 0 -1.07451 0 0 -5.86554 0 0 1.07451 0 0 
6.3628 0 0 -1.07898 0 0 -5.85477 0 0 1.07898 0 0 
6.35199 0 0 -1.08346 0 0 -5.84396 0 0 1.08346 0 0 
6.34113 0 0 -1.08795 0 0 -5.8331 0 0 1.08795 0 0 
6.33023 0 0 -1.09246 0 0 -5.8222 0 0 1.09246 0 0 
6.31928 0 0 -1.09699 0 0 -5.81125 0 0 1.09699 0 0 
6.30829 0 0 -1.10153 0 0 -5.80026 0 0 1.10153 0 0 
6.29725 0 0 -1.10609 0 0 -5.78922 0 0 1.10609 0 0 
6.28617 0 0 -1.11067 0 0 -5.77813 0 0 1.11067 0 0 
6.27504 0 0 -1.11527 0 0 -5.767 0 0 1.11527 0 0 
6.26386 0 0 -1.11988 0 0 -5.75583 0 0 1.11988 0 0 
6.25264 0 0 -1.12451 0 0 -5.74461 0 0 1.12451 0 0 
6.24137 0 0 -1.12915 0 0 -5.73334 0 0 1.12915 0 0 
6.23006 0 0 -1.13381 0 0 -5.72202 0 0 1.13381 0 0 
6.21869 0 0 -1.1385 0 0 -5.71066 0 0 1.1385 0 0 
6.20729 0 0 -1.14319 0 0 -5.69925 0 0 1.14319 0 0 
6.19583 0 0 -1.14791 0 0 -5.6878 0 0 1.14791 0 0 
6.18433 0 0 -1.15265 0 0 -5.6763 0 0 1.15265 0 0 
6.17278 0 0 -1.1574 0 0 -5.66475 0 0 1.1574 0 0 
6.16118 0 0 -1.16217 0 0 -5.65315 0 0 1.16217 0 0 
6.14953 0 0 -1.16696 0 0 -5.6415 0 0 1.16696 0 0 
6.13784 0 0 -1.17177 0 0 -5.62981 0 0 1.17177 0 0 
6.1261 0 0 -1.1766 0 0 -5.61807 0 0 1.1766 0 0 
6.11431 0 0 -1.18145 0 0 -5.60628 0 0 1.18145 0 0 
6.10247 0 0 -1.18632 0 0 -5.59444 0 0 1.18632 0 0 
6.09058 0 0 -1.19121 0 0 -5.58255 0 0 1.19121 0 0 
6.07865 0 0 -1.19612 0 0 -5.57061 0 0 1.19612 0 0 
6.06666 0 0 -1.20105 0 0 -5.55863 0 0 1.20105 0 0 
6.05462 0 0 -1.20599 0 0 -5.54659 0 0 1.20599 0 0 
6.04254 0 0 -1.21096 0 0 -5.53451 0 0 1.21096 0 0 
6.03041 0 0 -1.21595 0 0 -5.52237 0 0 1.21595 0 0 
6.01822 0 0 -1.22097 0 0 -5.51019 0 0 1.22097 0 0 
6.00599 0 0 -1.226 0 0 -5.49795 0 0 1.226 0 0 
5.9937 0 0 -1.23105 0 0 -5.48567 0 0 1.23105 0 0 
5.98136 0 0 -1.23613 0 0 -5.47333 0 0 1.23613 0 0 
5.96898 0 0 -1.24123 0 0 -5.46095 0 0 1.24123 0 0 
5.95654 0 0 -1.24635 0 0 -5.44851 0 0 1.24635 0 0 
5.94405 0 0 -1.25149 0 0 -5.43602 0 0 1.25149 0 0 
5.93151 0 0 -1.25665 0 0 -5.42348 0 0 1.25665 0 0 
5.91892 0 0 -1.26184 0 0 -5.41089 0 0 1.26184 0 0 
5.90627 0 0 -1.26705 0 0 -5.39824 0 0 1.26705 0 0 
5.89358 0 0 -1.27229 0 0 -5.38554 0 0 1.27229 0 0 
5.88083 0 0 -1.27755 0 0 -5.3728 0 0 1.27755 0 0 
5.86803 0 0 -1.28283 0 0 -5.35999 0 0 1.28283 0 0 
5.85517 0 0 -1.28813 0 0 -5.34714 0 0 1.28813 0 0 
5.84226 0 0 -1.29346 0 0 -5.33423 0 0 1.29346 0 0 
5.8293 0 0 -1.29882 0 0 -5.32127 0 0 1.29882 0 0 
5.81629 0 0 -1.3042 0 0 -5.30825 0 0 1.3042 0 0 
5.80322 0 0 -1.30961 0 0 -5.29519 0 0 1.30961 0 0 
5.79009 0 0 -1.31504 0 0 -5.28206 0 0 1.31504 0 0 
5.77692 0 0 -1.3205 0 0 -5.26888 0 0 1.3205 0 0 
5.76368 0 0 -1.32598 0 0 -5.25565 0 0 1.32598 0 0 
5.7504 0 0 -1.33149 0 0 -5.24236 0 0 1.33149 0 0 
5.73705 0 0 -1.33702 0 0 -5.22902 0 0 1.33702 0 0 
5.72366 0 0 -1.34259 0 0 -5.21562 0 0 1.34259 0 0 
5.7102 0 0 -1.34818 0 0 -5.20217 0 0 1.34818 0 0 
5.69669 0 0 -1.3538 0 0 -5.18866 0 0 1.3538 0 0 
5.68313 0 0 -1.35945 0 0 -5.17509 0 0 1.35945 0 0 
5.6695 0 0 -1.36512 0 0 -5.16147 0 0 1.36512 0 0 
5.65582 0 0 -1.37082 0 0 -5.14779 0 0 1.37082 0 0 
5.64209 0 0 -1.37656 0 0 -5.13405 0 0 1.37656 0 0 
5.62829 0 0 -1.38232 0 0 -5.12026 0 0 1.38232 0 0 
5.61444 0 0 -1.38811 0 0 -5.10641 0 0 1.38811 0 0 
5.60053 0 0 -1.39393 0 0 -5.0925 0 0 1.39393 0 0 
5.58656 0 0 -1.39979 0 0 -5.07853 0 0 1.39979 0 0 
5.57253 0 0 -1.40567 0 0 -5.0645 0 0 1.40567 0 0 
5.55845 0 0 -1.41158 0 0 -5.05042 0 0 1.41158 0 0 
5.5443 0 0 -1.41753 0 0 -5.03627 0 0 1.41753 0 0 
5.5301 0 0 -1.42351 0 0 -5.02207 0 0 1.42351 0 0 
5.51583 0 0 -1.42952 0 0 -5.0078 0 0 1.42952 0 0 
5.50151 0 0 -1.43556 0 0 -4.99347 0 0 1.43556 0 0 
5.48712 0 0 -1.44164 0 0 -4.97909 0 0 1.44164 0 0 
5.47267 0 0 -1.44775 0 0 -4.96464 0 0 1.44775 0 0 
5.45817 0 0 -1.45389 0 0 -4.95013 0 0 1.45389 0 0 
5.4436 0 0 -1.46007 0 0 -4.93556 0 0 1.46007 0 0 
5.42896 0 0 -1.46628 0 0 -4.92093 0 0 1.46628 0 0 
5.41427 0 0 -1.47253 0 0 -4.90624 0 0 1.47253 0 0 
5.39951 0 0 -1.47881 0 0 -4.89148 0 0 1.47881 0 0 
5.38469 0 0 -1.48514 0 0 -4.87666 0 0 1.48514 0 0 
5.36981 0 0 -1.49149 0 0 -4.86178 0 0 1.49149 0 0 
5.35486 0 0 -1.49789 0 0 -4.84683 0 0 1.49789 0 0 
5.33985 0 0 -1.50432 0 0 -4.83182 0 0 1.50432 0 0 
5.32478 0 0 -1.51079 0 0 -4.81675 0 0 1.51079 0 0 
5.30964 0 0 -1.5173 0 0 -4.8016 0 0 1.5173 0 0 
5.29443 0 0 -1.52385 0 0 -4.7864 0 0 1.52385 0 0 
5.27916 0 0 -1.53043 0 0 -4.77113 0 0 1.53043 0 0 
5.26382 0 0 -1.53706 0 0 -4.75579 0 0 1.53706 0 0 
5.24842 0 0 -1.54373 0 0 -4.74039 0 0 1.54373 0 0 
5.23295 0 0 -1.55044 0 0 -4.72492 0 0 1.55044 0 0 
5.21741 0 0 -1.55719 0 0 -4.70938 0 0 1.55719 0 0 
5.2018 0 0 -1.56399 0 0 -4.69377 0 0 1.56399 0 0 
5.18613 0 0 -1.57082 0 0 -4.6781 0 0 1.57082 0 0 
5.17039 0 0 -1.5777 0 0 -4.66236 0 0 1.5777 0 0 
5.15458 0 0 -1.58463 0 0 -4.64654 0 0 1.58463 0 0 
5.13869 0 0 -1.5916 0 0 -4.63066 0 0 1.5916 0 0 
5.12274 0 0 -1.59862 0 0 -4.61471 0 0 1.59862 0 0 
5.10672 0 0 -1.60568 0 0 -4.59869 0 0 1.60568 0 0 
5.09063 0 0 -1.61279 0 0 -4.5826 0 0 1.61279 0 0 
5.07447 0 0 -1.61994 0 0 -4.56643 0 0 1.61994 0 0 
5.05823 0 0 -1.62715 0 0 -4.5502 0 0 1.62715 0 0 
5.04192 0 0 -1.6344 0 0 -4.53389 0 0 1.6344 0 0 
5.02554 0 0 -1.64171 0 0 -4.51751 0 0 1.64171 0 0 
5.00909 0 0 -1.64906 0 0 -4.50106 0 0 1.64906 0 0 
4.99256 0 0 -1.65647 0 0 -4.48453 0 0 1.65647 0 0 
4.97596 0 0 -1.66392 0 0 -4.46793 0 0 1.66392 0 0 
4.95928 0 0 -1.67143 0 0 -4.45125 0 0 1.67143 0 0 
4.94253 0 0 -1.679 0 0 -4.4345 0 0 1.679 0 0 
4.9257 0 0 -1.68662 0 0 -4.41767 0 0 1.68662 0 0 
4.9088 0 0 -1.69429 0 0 -4.40077 0 0 1.69429 0 0 
4.89182 0 0 -1.70202 0 0 -4.38378 0 0 1.70202 0 0 
4.87476 0 0 -1.7098 0 0 -4.36673 0 0 1.7098 0 0 
4.85762 0 0 -1.71765 0 0 -4.34959 0 0 1.71765 0 0 
4.8404 0 0 -1.72555 0 0 -4.33237 0 0 1.72555 0 0 
4.82311 0 0 -1.73351 0 0 -4.31508 0 0 1.73351 0 0 
4.80573 0 0 -1.74154 0 0 -4.2977 0 0 1.74154 0 0 
4.78828 0 0 -1.74962 0 0 -4.28025 0 0 1.74962 0 0 
4.77074 0 0 -1.75777 0 0 -4.26271 0 0 1.75777 0 0 
4.75312 0 0 -1.76598 0 0 -4.24509 0 0 1.76598 0 0 
4.73542 0 0 -1.77425 0 0 -4.22739 0 0 1.77425 0 0 
4.71764 0 0 -1.7826 0 0 -4.2096 0 0 1.7826 0 0 
4.69977 0 0 -1.791 0 0 -4.19174 0 0 1.791 0 0 
4.68182 0 0 -1.79948 0 0 -4.17378 0 0 1.79948 0 0 
4.66378 0 0 -1.80803 0 0 -4.15575 0 0 1.80803 0 0 
4.64566 0 0 -1.81664 0 0 -4.13762 0 0 1.81664 0 0 
4.62745 0 0 -1.82533 0 0 -4.11941 0 0 1.82533 0 0 
4.60915 0 0 -1.83409 0 0 -4.10112 0 0 1.83409 0 0 
4.59076 0 0 -1.84292 0 0 -4.08273 0 0 1.84292 0 0 
4.57229 0 0 -1.85183 0 0 -4.06426 0 0 1.85183 0 0 
4.55373 0 0 -1.86082 0 0 -4.04569 0 0 1.86082 0 0 
4.53507 0 0 -1.86989 0 0 -4.02704 0 0 1.86989 0 0 
4.51633 0 0 -1.87903 0 0 -4.0083 0 0 1.87903 0 0 
4.49749 0 0 -1.88826 0 0 -3.98946 0 0 1.88826 0 0 
4.47856 0 0 -1.89756 0 0 -3.97053 0 0 1.89756 0 0 
4.45954 0 0 -1.90695 0 0 -3.95151 0 0 1.90695 0 0 
4.44042 0 0 -1.91643 0 0 -3.93239 0 0 1.91643 0 0 
4.42121 0 0 -1.926 0 0 -3.91318 0 0 1.926 0 0 
4.4019 0 0 -1.93565 0 0 -3.89387 0 0 1.93565 0 0 
4.3825 0 0 -1.94539 0 0 -3.87447 0 0 1.94539 0 0 
4.363 0 0 -1.95523 0 0 -3.85496 0 0 1.95523 0 0 
4.34339 0 0 -1.96516 0 0 -3.83536 0 0 1.96516 0 0 
4.32369 0 0 -1.97519 0 0 -3.81566 0 0 1.97519 0 0 
4.30389 0 0 -1.98531 0 0 -3.79586 0 0 1.98531 0 0 
4.28399 0 0 -1.99553 0 0 -3.77595 0 0 1.99553 0 0 
4.26398 0 0 -2.00586 0 0 -3.75595 0 0 2.00586 0 0 
4.24387 0 0 -2.01629 0 0 -3.73584 0 0 2.01629 0 0 
4.22365 0 0 -2.02682 0 0 -3.71562 0 0 2.02682 0 0 
4.20333 0 0 -2.03747 0 0 -3.6953 0 0 2.03747 0 0 
4.1829 0 0 -2.04822 0 0 -3.67487 0 0 2.04822 0 0 
4.16237 0 0 -2.05909 0 0 -3.65433 0 0 2.05909 0 0 
4.14172 0 0 -2.07007 0 0 -3.63369 0 0 2.07007 0 0 
4.12097 0 0 -2.08117 0 0 -3.61293 0 0 2.08117 0 0 
4.1001 0 0 -2.09238 0 0 -3.59207 0 0 2.09238 0 0 
4.07912 0 0 -2.10373 0 0 -3.57108 0 0 2.10373 0 0 
4.05802 0 0 -2.11519 0 0 -3.54999 0 0 2.11519 0 0 
4.03681 0 0 -2.12679 0 0 -3.52878 0 0 2.12679 0 0 
4.01549 0 0 -2.13852 0 0 -3.50745 0 0 2.13852 0 0 
3.99404 0 0 -2.15038 0 0 -3.48601 0 0 2.15038 0 0 
3.97248 0 0 -2.16237 0 0 -3.46445 0 0 2.16237 0 0 
3.95079 0 0 -2.17451 0 0 -3.44276 0 0 2.17451 0 0 
3.92899 0 0 -2.18679 0 0 -3.42096 0 0 2.18679 0 0 
3.90706 0 0 -2.19922 0 0 -3.39903 0 0 2.19922 0 0 
3.885 0 0 -2.2118 0 0 -3.37697 0 0 2.2118 0 0 
3.86282 0 0 -2.22454 0 0 -3.35479 0 0 2.22454 0 0 
3.84051 0 0 -2.23743 0 0 -3.33248 0 0 2.23743 0 0 
3.81807 0 0 -2.25048 0 0 -3.31004 0 0 2.25048 0 0 
3.7955 0 0 -2.2637 0 0 -3.28747 0 0 2.2637 0 0 
3.7728 0 0 -2.27709 0 0 -3.26477 0 0 2.27709 0 0 
3.74996 0 0 -2.29066 0 0 -3.24193 0 0 2.29066 0 0 
3.72698 0 0 -2.3044 0 0 -3.21895 0 0 2.3044 0 0 
3.70387 0 0 -2.31832 0 0 -3.19584 0 0 2.31832 0 0 
3.68062 0 0 -2.33244 0 0 -3.17258 0 0 2.33244 0 0 
3.65722 0 0 -2.34675 0 0 -3.14919 0 0 2.34675 0 0 
3.63368 0 0 -2.36126 0 0 -3.12565 0 0 2.36126 0 0 
3.61 0 0 -2.37597 0 0 -3.10196 0 0 2.37597 0 0 
3.58616 0 0 -2.39089 0 0 -3.07813 0 0 2.39089 0 0 
3.56218 0 0 -2.40602 0 0 -3.05414 0 0 2.40602 0 0 
3.53804 0 0 -2.42138 0 0 -3.03001 0 0 2.42138 0 0 
3.51375 0 0 -2.43697 0 0 -3.00572 0 0 2.43697 0 0 
3.4893 0 0 -2.45279 0 0 -2.98127 0 0 2.45279 0 0 
3.46469 0 0 -2.46885 0 0 -2.95666 0 0 2.46885 0 0 
3.43992 0 0 -2.48517 0 0 -2.93189 0 0 2.48517 0 0 
3.41499 0 0 -2.50173 0 0 -2.90696 0 0 2.50173 0 0 
3.38989 0 0 -2.51857 0 0 -2.88185 0 0 2.51857 0 0 
3.36462 0 0 -2.53567 0 0 -2.85658 0 0 2.53567 0 0 
3.33917 0 0 -2.55306 0 0 -2.83114 0 0 2.55306 0 0 
3.31355 0 0 -2.57074 0 0 -2.80552 0 0 2.57074 0 0 
3.28776 0 0 -2.58871 0 0 -2.77972 0 0 2.58871 0 0 
3.26178 0 0 -2.607 0 0 -2.75375 0 0 2.607 0 0 
3.23561 0 0 -2.62561 0 0 -2.72758 0 0 2.62561 0 0 
3.20926 0 0 -2.64454 0 0 -2.70123 0 0 2.64454 0 0 
3.18272 0 0 -2.66382 0 0 -2.67469 0 0 2.66382 0 0 
3.15599 0 0 -2.68345 0 0 -2.64795 0 0 2.68345 0 0 
3.12905 0 0 -2.70345 0 0 -2.62102 0 0 2.70345 0 0 
3.10192 0 0 -2.72383 0 0 -2.59388 0 0 2.72383 0 0 
3.07457 0 0 -2.7446 0 0 -2.56654 0 0 2.7446 0 0 
3.04702 0 0 -2.76578 0 0 -2.53899 0 0 2.76578 0 0 
3.01926 0 0 -2.78739 0 0 -2.51123 0 0 2.78739 0 0 
2.99127 0 0 -2.80943 0 0 -2.48324 0 0 2.80943 0 0 
2.96307 0 0 -2.83193 0 0 -2.45504 0 0 2.83193 0 0 
2.93463 0 0 -2.85491 0 0 -2.4266 0 0 2.85491 0 0 
2.90597 0 0 -2.87838 0 0 -2.39794 0 0 2.87838 0 0 
2.87706 0 0 -2.90237 0 0 -2.36903 0 0 2.90237 0 0 
2.84792 0 0 -2.92689 0 0 -2.33989 0 0 2.92689 0 0 
2.81852 0 0 -2.95197 0 0 -2.31049 0 0 2.95197 0 0 
2.78888 0 0 -2.97764 0 0 -2.28084 0 0 2.97764 0 0 
2.75897 0 0 -3.00392 0 0 -2.25094 0 0 3.00392 0 0 
2.7288 0 0 -3.03083 0 0 -2.22076 0 0 3.03083 0 0 
2.69835 0 0 -3.05842 0 0 -2.19032 0 0 3.05842 0 0 
2.66763 0 0 -3.0867 0 0 -2.15959 0 0 3.0867 0 0 
2.63661 0 0 -3.11571 0 0 -2.12858 0 0 3.11571 0 0 
2.60531 0 0 -3.1455 0 0 -2.09728 0 0 3.1455 0 0 
2.5737 0 0 -3.17609 0 0 -2.06567 0 0 3.17609 0 0 
2.54178 0 0 -3.20753 0 0 -2.03375 0 0 3.20753 0 0 
2.50955 0 0 -3.23986 0 0 -2.00152 0 0 3.23986 0 0 
2.47698 0 0 -3.27314 0 0 -1.96895 0 0 3.27314 0 0 
2.44408 0 0 -3.30741 0 0 -1.93605 0 0 3.30741 0 0 
2.41083 0 0 -3.34274 0 0 -1.9028 0 0 3.34274 0 0 
2.37722 0 0 -3.37917 0 0 -1.86919 0 0 3.37917 0 0 
2.34324 0 0 -3.41679 0 0 -1.83521 0 0 3.41679 0 0 
2.30888 0 0 -3.45565 0 0 -1.80085 0 0 3.45565 0 0 
2.27413 0 0 -3.49585 0 0 -1.7661 0 0 3.49585 0 0 
2.23896 0 0 -3.53746 0 0 -1.73093 0 0 3.53746 0 0 
2.20337 0 0 -3.58058 0 0 -1.69534 0 0 3.58058 0 0 
2.16735 0 0 -3.62532 0 0 -1.65931 0 0 3.62532 0 0 
2.13086 0 0 -3.67178 0 0 -1.62283 0 0 3.67178 0 0 
2.0939 0 0 -3.7201 0 0 -1.58587 0 0 3.7201 0 0 
2.05645 0 0 -3.77041 0 0 -1.54842 0 0 3.77041 0 0 
2.01849 0 0 -3.82287 0 0 -1.51046 0 0 3.82287 0 0 
1.97999 0 0 -3.87766 0 0 -1.47195 0 0 3.87766 0 0 
1.94093 0 0 -3.93496 0 0 -1.43289 0 0 3.93496 0 0 
1.90128 0 0 -3.99501 0 0 -1.39325 0 0 3.99501 0 0 
1.86102 0 0 -4.05804 0 0 -1.35298 0 0 4.05804 0 0 
1.82011 0 0 -4.12433 0 0 -1.31207 0 0 4.12433 0 0 
1.77852 0 0 -4.19421 0 0 -1.27049 0 0 4.19421 0 0 
1.73621 0 0 -4.26805 0 0 -1.22818 0 0 4.26805 0 0 
1.69314 0 0 -4.34627 0 0 -1.18511 0 0 4.34627 0 0 
1.64927 0 0 -4.42936 0 0 -1.14124 0 0 4.42936 0 0 
1.60454 0 0 -4.5179 0 0 -1.0965 0 0 4.5179 0 0 
1.55889 0 0 -4.61257 0 0 -1.05086 0 0 4.61257 0 0 
1.51226 0 0 -4.71419 0 0 -1.00423 0 0 4.71419 0 0 
1.46458 0 0 -4.82372 0 0 -0.956547 0 0 4.82372 0 0 
1.41576 0 0 -4.94234 0 0 -0.907725 0 0 4.94234 0 0 
1.3657 0 0 -5.07151 0 0 -0.857665 0 0 5.07151 0 0 
1.31429 0 0 -5.21305 0 0 -0.806254 0 0 5.21305 0 0 
1.26139 0 0 -5.36923 0 0 -0.753356 0 0 5.36923 0 0 
1.29984 0 0 5.25458 0 0 -0.791809 0 0 -5.25458 0 0 
1.35165 0 0 5.10926 0 0 -0.843616 0 0 -5.10926 0 0 
1.40207 0 0 4.97687 0 0 -0.894037 0 0 -4.97687 0 0 
1.45122 0 0 4.85549 0 0 -0.94319 0 0 -4.85549 0 0 
1.49921 0 0 4.74358 0 0 -0.991178 0 0 -4.74358 0 0 
1.54612 0 0 4.63989 0 0 -1.03809 0 0 -4.63989 0 0 
1.59203 0 0 4.54339 0 0 -1.084 0 0 -4.54339 0 0 
1.63701 0 0 4.45323 0 0 -1.12898 0 0 -4.45323 0 0 
1.68112 0 0 4.36869 0 0 -1.17308 0 0 -4.36869 0 0 
1.7244 0 0 4.28918 0 0 -1.21637 0 0 -4.28918 0 0 
1.76691 0 0 4.21418 0 0 -1.25888 0 0 -4.21418 0 0 
1.8087 0 0 4.14325 0 0 -1.30067 0 0 -4.14325 0 0 
1.84979 0 0 4.07599 0 0 -1.34176 0 0 -4.07599 0 0 
1.89023 0 0 4.01209 0 0 -1.3822 0 0 -4.01209 0 0 
1.93004 0 0 3.95125 0 0 -1.42201 0 0 -3.95125 0 0 
1.96926 0 0 3.89321 0 0 -1.46123 0 0 -3.89321 0 0 
2.00792 0 0 3.83775 0 0 -1.49988 0 0 -3.83775 0 0 
2.04603 0 0 3.78467 0 0 -1.53799 0 0 -3.78467 0 0 
2.08362 0 0 3.73378 0 0 -1.57558 0 0 -3.73378 0 0 
2.12071 0 0 3.68492 0 0 -1.61268 0 0 -3.68492 0 0 
2.15732 0 0 3.63796 0 0 -1.64929 0 0 -3.63796 0 0 
2.19347 0 0 3.59276 0 0 -1.68544 0 0 -3.59276 0 0 
2.22918 0 0 3.54921 0 0 -1.72115 0 0 -3.54921 0 0 
2.26446 0 0 3.50719 0 0 -1.75643 0 0 -3.50719 0 0 
2.29933 0 0 3.46661 0 0 -1.7913 0 0 -3.46661 0 0 
2.3338 0 0 3.42739 0 0 -1.82577 0 0 -3.42739 0 0 
2.36788 0 0 3.38943 0 0 -1.85985 0 0 -3.38943 0 0 
2.40159 0 0 3.35268 0 0 -1.89356 0 0 -3.35268 0 0 
2.43494 0 0 3.31706 0 0 -1.92691 0 0 -3.31706 0 0 
2.46794 0 0 3.2825 0 0 -1.9599 0 0 -3.2825 0 0 
2.50059 0 0 3.24895 0 0 -1.99256 0 0 -3.24895 0 0 
2.53292 0 0 3.21636 0 0 -2.02489 0 0 -3.21636 0 0 
2.56492 0 0 3.18468 0 0 -2.05689 0 0 -3.18468 0 0 
2.59662 0 0 3.15386 0 0 -2.08858 0 0 -3.15386 0 0 
2.628 0 0 3.12386 0 0 -2.11997 0 0 -3.12386 0 0 
2.6591 0 0 3.09463 0 0 -2.15106 0 0 -3.09463 0 0 
2.6899 0 0 3.06615 0 0 -2.18187 0 0 -3.06615 0 0 
2.72042 0 0 3.03838 0 0 -2.21239 0 0 -3.03838 0 0 
2.75067 0 0 3.01128 0 0 -2.24264 0 0 -3.01128 0 0 
2.78065 0 0 2.98483 0 0 -2.27262 0 0 -2.98483 0 0 
2.81037 0 0 2.959 0 0 -2.30234 0 0 -2.959 0 0 
2.83983 0 0 2.93376 0 0 -2.3318 0 0 -2.93376 0 0 
2.86904 0 0 2.90908 0 0 -2.36101 0 0 -2.90908 0 0 
2.89801 0 0 2.88495 0 0 -2.38998 0 0 -2.88495 0 0 
2.92675 0 0 2.86134 0 0 -2.41871 0 0 -2.86134 0 0 
2.95524 0 0 2.83823 0 0 -2.44721 0 0 -2.83823 0 0 
2.98351 0 0 2.8156 0 0 -2.47548 0 0 -2.8156 0 0 
3.01156 0 0 2.79343 0 0 -2.50352 0 0 -2.79343 0 0 
3.03938 0 0 2.7717 0 0 -2.53135 0 0 -2.7717 0 0 
3.06699 0 0 2.75041 0 0 -2.55896 0 0 -2.75041 0 0 
3.09439 0 0 2.72952 0 0 -2.58636 0 0 -2.72952 0 0 
3.12158 0 0 2.70904 0 0 -2.61355 0 0 -2.70904 0 0 
3.14857 0 0 2.68894 0 0 -2.64054 0 0 -2.68894 0 0 
3.17536 0 0 2.6692 0 0 -2.66733 0 0 -2.6692 0 0 
3.20196 0 0 2.64983 0 0 -2.69393 0 0 -2.64983 0 0 
3.22836 0 0 2.6308 0 0 -2.72033 0 0 -2.6308 0 0 
3.25458 0 0 2.6121 0 0 -2.74654 0 0 -2.6121 0 0 
3.2806 0 0 2.59373 0 0 -2.77257 0 0 -2.59373 0 0 
3.30645 0 0 2.57567 0 0 -2.79842 0 0 -2.57567 0 0 
3.33212 0 0 2.55791 0 0 -2.82409 0 0 -2.55791 0 0 
3.35761 0 0 2.54044 0 0 -2.84958 0 0 -2.54044 0 0 
3.38293 0 0 2.52326 0 0 -2.8749 0 0 -2.52326 0 0 
3.40808 0 0 2.50635 0 0 -2.90004 0 0 -2.50635 0 0 
3.43306 0 0 2.48971 0 0 -2.92502 0 0 -2.48971 0 0 
3.45787 0 0 2.47333 0 0 -2.94984 0 0 -2.47333 0 0 
3.48252 0 0 2.4572 0 0 -2.97449 0 0 -2.4572 0 0 
3.50702 0 0 2.44131 0 0 -2.99898 0 0 -2.44131 0 0 
3.53135 0 0 2.42566 0 0 -3.02332 0 0 -2.42566 0 0 
3.55553 0 0 2.41024 0 0 -3.0475 0 0 -2.41024 0 0 
3.57956 0 0 2.39504 0 0 -3.07152 0 0 -2.39504 0 0 
3.60343 0 0 2.38006 0 0 -3.0954 0 0 -2.38006 0 0 
3.62716 0 0 2.36529 0 0 -3.11913 0 0 -2.36529 0 0 
3.65074 0 0 2.35073 0 0 -3.14271 0 0 -2.35073 0 0 
3.67417 0 0 2.33637 0 0 -3.16614 0 0 -2.33637 0 0 
3.69747 0 0 2.3222 0 0 -3.18943 0 0 -2.3222 0 0 
3.72062 0 0 2.30822 0 0 -3.21259 0 0 -2.30822 0 0 
3.74363 0 0 2.29443 0 0 -3.2356 0 0 -2.29443 0 0 
3.76651 0 0 2.28082 0 0 -3.25848 0 0 -2.28082 0 0 
3.78925 0 0 2.26738 0 0 -3.28122 0 0 -2.26738 0 0 
3.81186 0 0 2.25411 0 0 -3.30382 0 0 -2.25411 0 0 
3.83433 0 0 2.24102 0 0 -3.3263 0 0 -2.24102 0 0 
3.85668 0 0 2.22808 0 0 -3.34864 0 0 -2.22808 0 0 
3.87889 0 0 2.2153 0 0 -3.37086 0 0 -2.2153 0 0 
3.90098 0 0 2.20268 0 0 -3.39295 0 0 -2.20268 0 0 
3.92295 0 0 2.19021 0 0 -3.41492 0 0 -2.19021 0 0 
3.94479 0 0 2.17789 0 0 -3.43676 0 0 -2.17789 0 0 
3.96651 0 0 2.16571 0 0 -3.45847 0 0 -2.16571 0 0 
3.9881 0 0 2.15367 0 0 -3.48007 0 0 -2.15367 0 0 
4.00958 0 0 2.14178 0 0 -3.50155 0 0 -2.14178 0 0 
4.03094 0 0 2.13001 0 0 -3.52291 0 0 -2.13001 0 0 
4.05218 0 0 2.11838 0 0 -3.54415 0 0 -2.11838 0 0 
4.07331 0 0 2.10688 0 0 -3.56527 0 0 -2.10688 0 0 
4.09432 0 0 2.0955 0 0 -3.58629 0 0 -2.0955 0 0 
4.11522 0 0 2.08425 0 0 -3.60718 0 0 -2.08425 0 0 
4.136 0 0 2.07312 0 0 -3.62797 0 0 -2.07312 0 0 
4.15668 0 0 2.0621 0 0 -3.64865 0 0 -2.0621 0 0 
4.17725 0 0 2.05121 0 0 -3.66921 0 0 -2.05121 0 0 
4.1977 0 0 2.04042 0 0 -3.68967 0 0 -2.04042 0 0 
4.21806 0 0 2.02975 0 0 -3.71002 0 0 -2.02975 0 0 
4.2383 0 0 2.01918 0 0 -3.73027 0 0 -2.01918 0 0 
4.25844 0 0 2.00873 0 0 -3.75041 0 0 -2.00873 0 0 
4.27847 0 0 1.99837 0 0 -3.77044 0 0 -1.99837 0 0 
4.29841 0 0 1.98812 0 0 -3.79037 0 0 -1.98812 0 0 
4.31824 0 0 1.97797 0 0 -3.8102 0 0 -1.97797 0 0 
4.33797 0 0 1.96792 0 0 -3.82993 0 0 -1.96792 0 0 
4.3576 0 0 1.95796 0 0 -3.84956 0 0 -1.95796 0 0 
4.37713 0 0 1.9481 0 0 -3.86909 0 0 -1.9481 0 0 
4.39656 0 0 1.93833 0 0 -3.88853 0 0 -1.93833 0 0 
4.41589 0 0 1.92865 0 0 -3.90786 0 0 -1.92865 0 0 
4.43513 0 0 1.91906 0 0 -3.9271 0 0 -1.91906 0 0 
4.45427 0 0 1.90956 0 0 -3.94624 0 0 -1.90956 0 0 
4.47332 0 0 1.90015 0 0 -3.96529 0 0 -1.90015 0 0 
4.49228 0 0 1.89082 0 0 -3.98425 0 0 -1.89082 0 0 
4.51114 0 0 1.88157 0 0 -4.00311 0 0 -1.88157 0 0 
4.52991 0 0 1.8724 0 0 -4.02188 0 0 -1.8724 0 0 
4.54859 0 0 1.86332 0 0 -4.04056 0 0 -1.86332 0 0 
4.56718 0 0 1.85431 0 0 -4.05914 0 0 -1.85431 0 0 
4.58567 0 0 1.84538 0 0 -4.07764 0 0 -1.84538 0 0 
4.60408 0 0 1.83652 0 0 -4.09605 0 0 -1.83652 0 0 
4.62241 0 0 1.82774 0 0 -4.11437 0 0 -1.82774 0 0 
4.64064 0 0 1.81903 0 0 -4.13261 0 0 -1.81903 0 0 
4.65879 0 0 1.8104 0 0 -4.15075 0 0 -1.8104 0 0 
4.67685 0 0 1.80183 0 0 -4.16881 0 0 -1.80183 0 0 
4.69482 0 0 1.79334 0 0 -4.18679 0 0 -1.79334 0 0 
4.71271 0 0 1.78491 0 0 -4.20468 0 0 -1.78491 0 0 
4.73052 0 0 1.77655 0 0 -4.22249 0 0 -1.77655 0 0 
4.74825 0 0 1.76826 0 0 -4.24021 0 0 -1.76826 0 0 
4.76589 0 0 1.76003 0 0 -4.25785 0 0 -1.76003 0 0 
4.78345 0 0 1.75186 0 0 -4.27541 0 0 -1.75186 0 0 
4.80092 0 0 1.74376 0 0 -4.29289 0 0 -1.74376 0 0 
4.81832 0 0 1.73572 0 0 -4.31029 0 0 -1.73572 0 0 
4.83564 0 0 1.72774 0 0 -4.32761 0 0 -1.72774 0 0 
4.85288 0 0 1.71982 0 0 -4.34484 0 0 -1.71982 0 0 
4.87004 0 0 1.71196 0 0 -4.362 0 0 -1.71196 0 0 
4.88712 0 0 1.70416 0 0 -4.37908 0 0 -1.70416 0 0 
4.90412 0 0 1.69642 0 0 -4.39609 0 0 -1.69642 0 0 
4.92104 0 0 1.68873 0 0 -4.41301 0 0 -1.68873 0 0 
4.93789 0 0 1.68109 0 0 -4.42986 0 0 -1.68109 0 0 
4.95467 0 0 1.67352 0 0 -4.44663 0 0 -1.67352 0 0 
4.97136 0 0 1.66599 0 0 -4.46333 0 0 -1.66599 0 0 
4.98799 0 0 1.65852 0 0 -4.47995 0 0 -1.65852 0 0 
5.00453 0 0 1.6511 0 0 -4.4965 0 0 -1.6511 0 0 
5.02101 0 0 1.64373 0 0 -4.51298 0 0 -1.64373 0 0 
5.03741 0 0 1.63641 0 0 -4.52938 0 0 -1.63641 0 0 
5.05374 0 0 1.62915 0 0 -4.5457 0 0 -1.62915 0 0 
5.06999 0 0 1.62193 0 0 -4.56196 0 0 -1.62193 0 0 
5.08618 0 0 1.61476 0 0 -4.57814 0 0 -1.61476 0 0 
5.10229 0 0 1.60764 0 0 -4.59426 0 0 -1.60764 0 0 
5.11833 0 0 1.60056 0 0 -4.6103 0 0 -1.60056 0 0 
5.1343 0 0 1.59353 0 0 -4.62627 0 0 -1.59353 0 0 
5.1502 0 0 1.58655 0 0 -4.64217 0 0 -1.58655 0 0 
5.16603 0 0 1.57961 0 0 -4.658 0 0 -1.57961 0 0 
5.18179 0 0 1.57272 0 0 -4.67376 0 0 -1.57272 0 0 
5.19748 0 0 1.56587 0 0 -4.68945 0 0 -1.56587 0 0 
5.21311 0 0 1.55906 0 0 -4.70508 0 0 -1.55906 0 0 
5.22867 0 0 1.5523 0 0 -4.72063 0 0 -1.5523 0 0 
5.24416 0 0 1.54558 0 0 -4.73612 0 0 -1.54558 0 0 
5.25958 0 0 1.5389 0 0 -4.75155 0 0 -1.5389 0 0 
5.27493 0 0 1.53226 0 0 -4.7669 0 0 -1.53226 0 0 
5.29022 0 0 1.52566 0 0 -4.78219 0 0 -1.52566 0 0 
5.30545 0 0 1.5191 0 0 -4.79741 0 0 -1.5191 0 0 
5.32061 0 0 1.51258 0 0 -4.81257 0 0 -1.51258 0 0 
5.3357 0 0 1.5061 0 0 -4.82767 0 0 -1.5061 0 0 
5.35073 0 0 1.49966 0 0 -4.8427 0 0 -1.49966 0 0 
5.36569 0 0 1.49325 0 0 -4.85766 0 0 -1.49325 0 0 
5.38059 0 0 1.48689 0 0 -4.87256 0 0 -1.48689 0 0 
5.39543 0 0 1.48056 0 0 -4.8874 0 0 -1.48056 0 0 
5.4102 0 0 1.47426 0 0 -4.90217 0 0 -1.47426 0 0 
5.42492 0 0 1.468 0 0 -4.91688 0 0 -1.468 0 0 
5.43956 0 0 1.46178 0 0 -4.93153 0 0 -1.46178 0 0 
5.45415 0 0 1.45559 0 0 -4.94612 0 0 -1.45559 0 0 
5.46868 0 0 1.44944 0 0 -4.96064 0 0 -1.44944 0 0 
5.48314 0 0 1.44332 0 0 -4.97511 0 0 -1.44332 0 0 
5.49754 0 0 1.43723 0 0 -4.98951 0 0 -1.43723 0 0 
5.51188 0 0 1.43118 0 0 -5.00385 0 0 -1.43118 0 0 
5.52617 0 0 1.42516 0 0 -5.01813 0 0 -1.42516 0 0 
5.54039 0 0 1.41918 0 0 -5.03236 0 0 -1.41918 0 0 
5.55455 0 0 1.41322 0 0 -5.04652 0 0 -1.41322 0 0 
5.56865 0 0 1.4073 0 0 -5.06062 0 0 -1.4073 0 0 
5.5827 0 0 1.40141 0 0 -5.07466 0 0 -1.40141 0 0 
5.59668 0 0 1.39555 0 0 -5.08865 0 0 -1.39555 0 0 
5.61061 0 0 1.38972 0 0 -5.10257 0 0 -1.38972 0 0 
5.62448 0 0 1.38392 0 0 -5.11644 0 0 -1.38392 0 0 
5.63829 0 0 1.37814 0 0 -5.13025 0 0 -1.37814 0 0 
5.65204 0 0 1.3724 0 0 -5.14401 0 0 -1.3724 0 0 
5.66573 0 0 1.36669 0 0 -5.1577 0 0 -1.36669 0 0 
5.67937 0 0 1.36101 0 0 -5.17134 0 0 -1.36101 0 0 
5.69295 0 0 1.35535 0 0 -5.18492 0 0 -1.35535 0 0 
5.70648 0 0 1.34973 0 0 -5.19845 0 0 -1.34973 0 0 
5.71995 0 0 1.34413 0 0 -5.21192 0 0 -1.34413 0 0 
5.73336 0 0 1.33856 0 0 -5.22533 0 0 -1.33856 0 0 
5.74672 0 0 1.33301 0 0 -5.23869 0 0 -1.33301 0 0 
5.76002 0 0 1.3275 0 0 -5.25199 0 0 -1.3275 0 0 
5.77327 0 0 1.32201 0 0 -5.26524 0 0 -1.32201 0 0 
5.78646 0 0 1.31654 0 0 -5.27843 0 0 -1.31654 0 0 
5.7996 0 0 1.3111 0 0 -5.29157 0 0 -1.3111 0 0 
5.81268 0 0 1.30569 0 0 -5.30465 0 0 -1.30569 0 0 
5.82571 0 0 1.3003 0 0 -5.31768 0 0 -1.3003 0 0 
5.83869 0 0 1.29494 0 0 -5.33066 0 0 -1.29494 0 0 
5.85161 0 0 1.2896 0 0 -5.34358 0 0 -1.2896 0 0 
5.86448 0 0 1.28429 0 0 -5.35645 0 0 -1.28429 0 0 
5.8773 0 0 1.279 0 0 -5.36927 0 0 -1.279 0 0 
5.89006 0 0 1.27374 0 0 -5.38203 0 0 -1.27374 0 0 
5.90277 0 0 1.26849 0 0 -5.39474 0 0 -1.26849 0 0 
5.91543 0 0 1.26328 0 0 -5.4074 0 0 -1.26328 0 0 
5.92804 0 0 1.25808 0 0 -5.42001 0 0 -1.25808 0 0 
5.94059 0 0 1.25291 0 0 -5.43256 0 0 -1.25291 0 0 
5.9531 0 0 1.24776 0 0 -5.44507 0 0 -1.24776 0 0 
5.96555 0 0 1.24264 0 0 -5.45752 0 0 -1.24264 0 0 
5.97795 0 0 1.23753 0 0 -5.46992 0 0 -1.23753 0 0 
5.9903 0 0 1.23245 0 0 -5.48227 0 0 -1.23245 0 0 
6.0026 0 0 1.22739 0 0 -5.49457 0 0 -1.22739 0 0 
6.01485 0 0 1.22235 0 0 -5.50682 0 0 -1.22235 0 0 
6.02705 0 0 1.21734 0 0 -5.51901 0 0 -1.21734 0 0 
6.0392 0 0 1.21234 0 0 -5.53116 0 0 -1.21234 0 0 
6.05129 0 0 1.20736 0 0 -5.54326 0 0 -1.20736 0 0 
6.06334 0 0 1.20241 0 0 -5.55531 0 0 -1.20241 0 0 
6.07534 0 0 1.19748 0 0 -5.56731 0 0 -1.19748 0 0 
6.08729 0 0 1.19256 0 0 -5.57926 0 0 -1.19256 0 0 
6.09919 0 0 1.18767 0 0 -5.59116 0 0 -1.18767 0 0 
6.11105 0 0 1.18279 0 0 -5.60301 0 0 -1.18279 0 0 
6.12285 0 0 1.17794 0 0 -5.61482 0 0 -1.17794 0 0 
6.1346 0 0 1.17311 0 0 -5.62657 0 0 -1.17311 0 0 
6.14631 0 0 1.16829 0 0 -5.63828 0 0 -1.16829 0 0 
6.15797 0 0 1.16349 0 0 -5.64994 0 0 -1.16349 0 0 
6.16958 0 0 1.15872 0 0 -5.66155 0 0 -1.15872 0 0 
6.18115 0 0 1.15396 0 0 -5.67311 0 0 -1.15396 0 0 
6.19266 0 0 1.14922 0 0 -5.68463 0 0 -1.14922 0 0 
6.20413 0 0 1.1445 0 0 -5.6961 0 0 -1.1445 0 0 
6.21555 0 0 1.13979 0 0 -5.70752 0 0 -1.13979 0 0 
6.22693 0 0 1.13511 0 0 -5.71889 0 0 -1.13511 0 0 
6.23825 0 0 1.13044 0 0 -5.73022 0 0 -1.13044 0 0 
6.24953 0 0 1.12579 0 0 -5.7415 0 0 -1.12579 0 0 
6.26077 0 0 1.12115 0 0 -5.75274 0 0 -1.12115 0 0 
6.27196 0 0 1.11654 0 0 -5.76393 0 0 -1.11654 0 0 
6.2831 0 0 1.11194 0 0 -5.77507 0 0 -1.11194 0 0 
6.2942 0 0 1.10736 0 0 -5.78616 0 0 -1.10736 0 0 
6.30525 0 0 1.10279 0 0 -5.79721 0 0 -1.10279 0 0 
6.31625 0 0 1.09824 0 0 -5.80822 0 0 -1.09824 0 0 
6.32721 0 0 1.09371 0 0 -5.81918 0 0 -1.09371 0 0 
6.33813 0 0 1.0892 0 0 -5.83009 0 0 -1.0892 0 0 
6.349 0 0 1.0847 0 0 -5.84096 0 0 -1.0847 0 0 
6.35982 0 0 1.08021 0 0 -5.85179 0 0 -1.08021 0 0 
6.3706 0 0 1.07574 0 0 -5.86257 0 0 -1.07574 0 0 
6.38134 0 0 1.07129 0 0 -5.8733 0 0 -1.07129 0 0 
6.39203 0 0 1.06686 0 0 -5.88399 0 0 -1.06686 0 0 
6.40267 0 0 1.06243 0 0 -5.89464 0 0 -1.06243 0 0 
6.41327 0 0 1.05803 0 0 -5.90524 0 0 -1.05803 0 0 
6.42383 0 0 1.05364 0 0 -5.9158 0 0 -1.05364 0 0 
6.43435 0 0 1.04926 0 0 -5.92632 0 0 -1.04926 0 0 
6.44482 0 0 1.0449 0 0 -5.93679 0 0 -1.0449 0 0 
6.45525 0 0 1.04055 0 0 -5.94721 0 0 -1.04055 0 0 
6.46563 0 0 1.03622 0 0 -5.9576 0 0 -1.03622 0 0 
6.47597 0 0 1.03191 0 0 -5.96794 0 0 -1.03191 0 0 
6.48627 0 0 1.0276 0 0 -5.97824 0 0 -1.0276 0 0 
6.49652 0 0 1.02331 0 0 -5.98849 0 0 -1.02331 0 0 
6.50673 0 0 1.01904 0 0 -5.9987 0 0 -1.01904 0 0 
6.5169 0 0 1.01478 0 0 -6.00887 0 0 -1.01478 0 0 
6.52703 0 0 1.01053 0 0 -6.019 0 0 -1.01053 0 0 
6.53711 0 0 1.0063 0 0 -6.02908 0 0 -1.0063 0 0 
6.54716 0 0 1.00208 0 0 -6.03912 0 0 -1.00208 0 0 
6.55716 0 0 0.997871 0 0 -6.04912 0 0 -0.997871 0 0 
6.56711 0 0 0.993677 0 0 -6.05908 0 0 -0.993677 0 0 
6.57703 0 0 0.989497 0 0 -6.069 0 0 -0.989497 0 0 
6.5869 0 0 0.98533 0 0 -6.07887 0 0 -0.98533 0 0 
6.59674 0 0 0.981176 0 0 -6.0887 0 0 -0.981176 0 0 
6.60653 0 0 0.977035 0 0 -6.09849 0 0 -0.977035 0 0 
6.61628 0 0 0.972907 0 0 -6.10824 0 0 -0.972907 0 0 
6.62598 0 0 0.968791 0 0 -6.11795 0 0 -0.968791 0 0 
6.63565 0 0 0.964688 0 0 -6.12762 0 0 -0.964688 0 0 
6.64528 0 0 0.960597 0 0 -6.13725 0 0 -0.960597 0 0 
6.65486 0 0 0.956518 0 0 -6.14683 0 0 -0.956518 0 0 
6.66441 0 0 0.952451 0 0 -6.15638 0 0 -0.952451 0 0 
6.67391 0 0 0.948397 0 0 -6.16588 0 0 -0.948397 0 0 
6.68338 0 0 0.944354 0 0 -6.17534 0 0 -0.944354 0 0 
6.6928 0 0 0.940324 0 0 -6.18477 0 0 -0.940324 0 0 
6.70218 0 0 0.936305 0 0 -6.19415 0 0 -0.936305 0 0 
6.71153 0 0 0.932298 0 0 -6.20349 0 0 -0.932298 0 0 
6.72083 0 0 0.928302 0 0 -6.2128 0 0 -0.928302 0 0 
6.73009 0 0 0.924318 0 0 -6.22206 0 0 -0.924318 0 0 
6.73932 0 0 0.920345 0 0 -6.23128 0 0 -0.920345 0 0 
6.7485 0 0 0.916383 0 0 -6.24047 0 0 -0.916383 0 0 
6.75764 0 0 0.912433 0 0 -6.24961 0 0 -0.912433 0 0 
6.76675 0 0 0.908493 0 0 -6.25872 0 0 -0.908493 0 0 
6.77581 0 0 0.904565 0 0 -6.26778 0 0 -0.904565 0 0 
6.78484 0 0 0.900648 0 0 -6.27681 0 0 -0.900648 0 0 
6.79383 0 0 0.896741 0 0 -6.28579 0 0 -0.896741 0 0 
6.80277 0 0 0.892845 0 0 -6.29474 0 0 -0.892845 0 0 
6.81168 0 0 0.888959 0 0 -6.30365 0 0 -0.888959 0 0 
6.82055 0 0 0.885085 0 0 -6.31252 0 0 -0.885085 0 0 
6.82938 0 0 0.88122 0 0 -6.32135 0 0 -0.88122 0 0 
6.83818 0 0 0.877366 0 0 -6.33015 0 0 -0.877366 0 0 
6.84693 0 0 0.873522 0 0 -6.3389 0 0 -0.873522 0 0 
6.85565 0 0 0.869688 0 0 -6.34762 0 0 -0.869688 0 0 
6.86433 0 0 0.865865 0 0 -6.35629 0 0 -0.865865 0 0 
6.87297 0 0 0.862051 0 0 -6.36493 0 0 -0.862051 0 0 
6.88157 0 0 0.858248 0 0 -6.37353 0 0 -0.858248 0 0 
6.89013 0 0 0.854454 0 0 -6.3821 0 0 -0.854454 0 0 
6.89866 0 0 0.85067 0 0 -6.39062 0 0 -0.85067 0 0 
6.90714 0 0 0.846895 0 0 -6.39911 0 0 -0.846895 0 0 
6.91559 0 0 0.84313 0 0 -6.40756 0 0 -0.84313 0 0 
6.92401 0 0 0.839375 0 0 -6.41597 0 0 -0.839375 0 0 
6.93238 0 0 0.835629 0 0 -6.42435 0 0 -0.835629 0 0 
6.94072 0 0 0.831893 0 0 -6.43269 0 0 -0.831893 0 0 
6.94902 0 0 0.828166 0 0 -6.44099 0 0 -0.828166 0 0 
6.95728 0 0 0.824448 0 0 -6.44925 0 0 -0.824448 0 0 
6.96551 0 0 0.820739 0 0 -6.45748 0 0 -0.820739 0 0 
6.9737 0 0 0.817039 0 0 -6.46567 0 0 -0.817039 0 0 
6.98185 0 0 0.813348 0 0 -6.47382 0 0 -0.813348 0 0 
6.98996 0 0 0.809666 0 0 -6.48193 0 0 -0.809666 0 0 
6.99804 0 0 0.805993 0 0 -6.49001 0 0 -0.805993 0 0 
7.00608 0 0 0.802329 0 0 -6.49805 0 0 -0.802329 0 0 
7.01409 0 0 0.798673 0 0 -6.50606 0 0 -0.798673 0 0 
7.02206 0 0 0.795026 0 0 -6.51403 0 0 -0.795026 0 0 
7.02999 0 0 0.791388 0 0 -6.52196 0 0 -0.791388 0 0 
7.03789 0 0 0.787758 0 0 -6.52985 0 0 -0.787758 0 0 
7.04575 0 0 0.784137 0 0 -6.53771 0 0 -0.784137 0 0 
7.05357 0 0 0.780523 0 0 -6.54554 0 0 -0.780523 0 0 
7.06136 0 0 0.776919 0 0 -6.55332 0 0 -0.776919 0 0 
7.06911 0 0 0.773322 0 0 -6.56107 0 0 -0.773322 0 0 
7.07682 0 0 0.769733 0 0 -6.56879 0 0 -0.769733 0 0 
7.0845 0 0 0.766153 0 0 -6.57647 0 0 -0.766153 0 0 
7.09215 0 0 0.762581 0 0 -6.58411 0 0 -0.762581 0 0 
7.09975 0 0 0.759016 0 0 -6.59172 0 0 -0.759016 0 0 
7.10733 0 0 0.75546 0 0 -6.59929 0 0 -0.75546 0 0 
7.11486 0 0 0.751911 0 0 -6.60683 0 0 -0.751911 0 0 
7.12236 0 0 0.74837 0 0 -6.61433 0 0 -0.74837 0 0 
7.12983 0 0 0.744837 0 0 -6.6218 0 0 -0.744837 0 0 
7.13726 0 0 0.741311 0 0 -6.62923 0 0 -0.741311 0 0 
7.14466 0 0 0.737793 0 0 -6.63662 0 0 -0.737793 0 0 
7.15202 0 0 0.734283 0 0 -6.64398 0 0 -0.734283 0 0 
7.15934 0 0 0.73078 0 0 -6.65131 0 0 -0.73078 0 0 
7.16663 0 0 0.727284 0 0 -6.6586 0 0 -0.727284 0 0 
7.17389 0 0 0.723796 0 0 -6.66586 0 0 -0.723796 0 0 
7.18111 0 0 0.720315 0 0 -6.67308 0 0 -0.720315 0 0 
7.18829 0 0 0.716842 0 0 -6.68026 0 0 -0.716842 0 0 
7.19544 0 0 0.713375 0 0 -6.68741 0 0 -0.713375 0 0 
7.20256 0 0 0.709916 0 0 -6.69453 0 0 -0.709916 0 0 
7.20964 0 0 0.706463 0 0 -6.70161 0 0 -0.706463 0 0 
7.21669 0 0 0.703018 0 0 -6.70866 0 0 -0.703018 0 0 
7.2237 0 0 0.69958 0 0 -6.71567 0 0 -0.69958 0 0 
7.23068 0 0 0.696148 0 0 -6.72265 0 0 -0.696148 0 0 
7.23763 0 0 0.692723 0 0 -6.72959 0 0 -0.692723 0 0 
7.24454 0 0 0.689305 0 0 -6.7365 0 0 -0.689305 0 0 
7.25141 0 0 0.685894 0 0 -6.74338 0 0 -0.685894 0 0 
7.25825 0 0 0.68249 0 0 -6.75022 0 0 -0.68249 0 0 
7.26506 0 0 0.679092 0 0 -6.75703 0 0 -0.679092 0 0 
7.27184 0 0 0.675701 0 0 -6.7638 0 0 -0.675701 0 0 
7.27858 0 0 0.672316 0 0 -6.77054 0 0 -0.672316 0 0 
7.28528 0 0 0.668938 0 0 -6.77725 0 0 -0.668938 0 0 
7.29196 0 0 0.665566 0 0 -6.78392 0 0 -0.665566 0 0 
7.29859 0 0 0.6622 0 0 -6.79056 0 0 -0.6622 0 0 
7.3052 0 0 0.658841 0 0 -6.79717 0 0 -0.658841 0 0 
7.31177 0 0 0.655488 0 0 -6.80374 0 0 -0.655488 0 0 
7.31831 0 0 0.652142 0 0 -6.81028 0 0 -0.652142 0 0 
7.32481 0 0 0.648801 0 0 -6.81678 0 0 -0.648801 0 0 
7.33129 0 0 0.645467 0 0 -6.82325 0 0 -0.645467 0 0 
7.33772 0 0 0.642139 0 0 -6.82969 0 0 -0.642139 0 0 
7.34413 0 0 0.638816 0 0 -6.8361 0 0 -0.638816 0 0 
7.3505 0 0 0.6355 0 0 -6.84247 0 0 -0.6355 0 0 
7.35684 0 0 0.63219 0 0 -6.84881 0 0 -0.63219 0 0 
7.36314 0 0 0.628885 0 0 -6.85511 0 0 -0.628885 0 0 
7.36942 0 0 0.625587 0 0 -6.86138 0 0 -0.625587 0 0 
7.37566 0 0 0.622294 0 0 -6.86762 0 0 -0.622294 0 0 
7.38186 0 0 0.619007 0 0 -6.87383 0 0 -0.619007 0 0 
7.38804 0 0 0.615726 0 0 -6.88 0 0 -0.615726 0 0 
7.39418 0 0 0.61245 0 0 -6.88614 0 0 -0.61245 0 0 
7.40028 0 0 0.60918 0 0 -6.89225 0 0 -0.60918 0 0 
7.40636 0 0 0.605915 0 0 -6.89833 0 0 -0.605915 0 0 
7.4124 0 0 0.602656 0 0 -6.90437 0 0 -0.602656 0 0 
7.41841 0 0 0.599403 0 0 -6.91038 0 0 -0.599403 0 0 
7.42439 0 0 0.596155 0 0 -6.91636 0 0 -0.596155 0 0 
7.43034 0 0 0.592912 0 0 -6.9223 0 0 -0.592912 0 0 
7.43625 0 0 0.589675 0 0 -6.92822 0 0 -0.589675 0 0 
7.44213 0 0 0.586443 0 0 -6.9341 0 0 -0.586443 0 0 
7.44798 0 0 0.583216 0 0 -6.93995 0 0 -0.583216 0 0 
7.45379 0 0 0.579995 0 0 -6.94576 0 0 -0.579995 0 0 
7.45958 0 0 0.576778 0 0 -6.95155 0 0 -0.576778 0 0 
7.46533 0 0 0.573567 0 0 -6.9573 0 0 -0.573567 0 0 
7.47105 0 0 0.570361 0 0 -6.96302 0 0 -0.570361 0 0 
7.47674 0 0 0.56716 0 0 -6.9687 0 0 -0.56716 0 0 
7.48239 0 0 0.563964 0 0 -6.97436 0 0 -0.563964 0 0 
7.48802 0 0 0.560773 0 0 -6.97998 0 0 -0.560773 0 0 
7.49361 0 0 0.557587 0 0 -6.98558 0 0 -0.557587 0 0 
7.49917 0 0 0.554406 0 0 -6.99114 0 0 -0.554406 0 0 
7.5047 0 0 0.55123 0 0 -6.99666 0 0 -0.55123 0 0 
7.51019 0 0 0.548058 0 0 -7.00216 0 0 -0.548058 0 0 
7.51566 0 0 0.544891 0 0 -7.00762 0 0 -0.544891 0 0 
7.52109 0 0 0.54173 0 0 -7.01306 0 0 -0.54173 0 0 
7.52649 0 0 0.538572 0 0 -7.01846 0 0 -0.538572 0 0 
7.53186 0 0 0.53542 0 0 -7.02383 0 0 -0.53542 0 0 
7.5372 0 0 0.532272 0 0 -7.02917 0 0 -0.532272 0 0 
7.54251 0 0 0.529129 0 0 -7.03447 0 0 -0.529129 0 0 
7.54778 0 0 0.52599 0 0 -7.03975 0 0 -0.52599 0 0 
7.55303 0 0 0.522856 0 0 -7.04499 0 0 -0.522856 0 0 
7.55824 0 0 0.519726 0 0 -7.05021 0 0 -0.519726 0 0 
7.56342 0 0 0.516601 0 0 -7.05539 0 0 -0.516601 0 0 
7.56857 0 0 0.51348 0 0 -7.06054 0 0 -0.51348 0 0 
7.57369 0 0 0.510363 0 0 -7.06566 0 0 -0.510363 0 0 
7.57878 0 0 0.507251 0 0 -7.07075 0 0 -0.507251 0 0 
7.58384 0 0 0.504143 0 0 -7.0758 0 0 -0.504143 0 0 
7.58886 0 0 0.50104 0 0 -7.08083 0 0 -0.50104 0 0 
7.59386 0 0 0.49794 0 0 -7.08582 0 0 -0.49794 0 0 
7.59882 0 0 0.494845 0 0 -7.09079 0 0 -0.494845 0 0 
7.60375 0 0 0.491754 0 0 -7.09572 0 0 -0.491754 0 0 
7.60866 0 0 0.488667 0 0 -7.10062 0 0 -0.488667 0 0 
7.61353 0 0 0.485585 0 0 -7.10549 0 0 -0.485585 0 0 
7.61837 0 0 0.482506 0 0 -7.11034 0 0 -0.482506 0 0 
7.62318 0 0 0.479431 0 0 -7.11515 0 0 -0.479431 0 0 
7.62796 0 0 0.476361 0 0 -7.11992 0 0 -0.476361 0 0 
7.6327 0 0 0.473294 0 0 -7.12467 0 0 -0.473294 0 0 
7.63742 0 0 0.470231 0 0 -7.12939 0 0 -0.470231 0 0 
7.64211 0 0 0.467173 0 0 -7.13408 0 0 -0.467173 0 0 
7.64677 0 0 0.464118 0 0 -7.13873 0 0 -0.464118 0 0 
7.65139 0 0 0.461066 0 0 -7.14336 0 0 -0.461066 0 0 
7.65599 0 0 0.458019 0 0 -7.14795 0 0 -0.458019 0 0 
7.66055 0 0 0.454976 0 0 -7.15252 0 0 -0.454976 0 0 
7.66509 0 0 0.451936 0 0 -7.15705 0 0 -0.451936 0 0 
7.66959 0 0 0.4489 0 0 -7.16156 0 0 -0.4489 0 0 
7.67406 0 0 0.445867 0 0 -7.16603 0 0 -0.445867 0 0 
7.67851 0 0 0.442838 0 0 -7.17048 0 0 -0.442838 0 0 
7.68292 0 0 0.439813 0 0 -7.17489 0 0 -0.439813 0 0 
7.6873 0 0 0.436791 0 0 -7.17927 0 0 -0.436791 0 0 
