Unnamed Unnamed2
-2.8576 0 0 0 0 0 4.6016 0 0 0 0 0 
-2.84953 0 0 1.61684 0 0 4.59353 0 0 -1.61684 0 0 
-2.82522 0 0 3.24864 0 0 4.56922 0 0 -3.24864 0 0 
-2.78446 0 0 4.90944 0 0 4.52846 0 0 -4.90944 0 0 
-2.72688 0 0 6.61557 0 0 4.47088 0 0 -6.61557 0 0 
-2.65193 0 0 8.38579 0 0 4.39594 0 0 -8.38579 0 0 
-2.55888 0 0 10.2426 0 0 4.30288 0 0 -10.2426 0 0 
-2.4467 0 0 12.214 0 0 4.1907 0 0 -12.214 0 0 
-2.31409 0 0 14.3367 0 0 4.05809 0 0 -14.3367 0 0 
-2.1593 0 0 16.6603 0 0 3.9033 0 0 -16.6603 0 0 
-1.97999 0 0 19.2554 0 0 3.72399 0 0 -19.2554 0 0 
-1.77294 0 0 22.2287 0 0 3.51694 0 0 -22.2287 0 0 
-1.53359 0 0 25.7519 0 0 3.27759 0 0 -25.7519 0 0 
-1.25508 0 0 30.1289 0 0 2.99909 0 0 -30.1289 0 0 
-0.926203 0 0 35.9742 0 0 2.6702 0 0 -35.9742 0 0 
-0.525884 0 0 44.8308 0 0 2.26989 0 0 -44.8308 0 0 
-0.243591 0 0 -53.1343 0 0 1.98759 0 0 53.1343 0 0 
-0.704841 0 0 -40.5582 0 0 2.44884 0 0 40.5582 0 0 
-1.07148 0 0 -33.2766 0 0 2.81548 0 0 33.2766 0 0 
-1.37741 0 0 -28.1578 0 0 3.12141 0 0 28.1578 0 0 
-1.63842 0 0 -24.1899 0 0 3.38242 0 0 24.1899 0 0 
-1.86353 0 0 -20.9249 0 0 3.60753 0 0 20.9249 0 0 
-2.05847 0 0 -18.1266 0 0 3.80247 0 0 18.1266 0 0 
-2.22715 0 0 -15.656 0 0 3.97115 0 0 15.656 0 0 
-2.37238 0 0 -13.4239 0 0 4.11638 0 0 13.4239 0 0 
-2.49622 0 0 -11.3699 0 0 4.24022 0 0 11.3699 0 0 
-2.60022 0 0 -9.45054 0 0 4.34423 0 0 9.45054 0 0 
-2.68557 0 0 -7.63316 0 0 4.42957 0 0 7.63316 0 0 
-2.75314 0 0 -5.89234 0 0 4.49714 0 0 5.89234 0 0 
-2.8036 0 0 -4.20737 0 0 4.5476 0 0 4.20737 0 0 
-2.83742 0 0 -2.56063 0 0 4.58142 0 0 2.56063 0 0 
-2.85489 0 0 -0.936527 0 0 4.59889 0 0 0.936527 0 0 
-2.85617 0 0 0.679412 0 0 4.60018 0 0 -0.679412 0 0 
-2.84128 0 0 2.30127 0 0 4.58528 0 0 -2.30127 0 0 
-2.81008 0 0 3.9434 0 0 4.55408 0 0 -3.9434 0 0 
-2.76229 0 0 5.62118 0 0 4.5063 0 0 -5.62118 0 0 
-2.69748 0 0 7.35183 0 0 4.44148 0 0 -7.35183 0 0 
-2.61502 0 0 9.15548 0 0 4.35902 0 0 -9.15548 0 0 
-2.51405 0 0 11.0567 0 0 4.25805 0 0 -11.0567 0 0 
-2.39345 0 0 13.0867 0 0 4.13746 0 0 -13.0867 0 0 
-2.25175 0 0 15.2869 0 0 3.99575 0 0 -15.2869 0 0 
-2.08696 0 0 17.7146 0 0 3.83096 0 0 -17.7146 0 0 
-1.89642 0 0 20.4531 0 0 3.64043 0 0 -20.4531 0 0 
-1.67644 0 0 23.6316 0 0 3.42044 0 0 -23.6316 0 0 
-1.42163 0 0 27.4654 0 0 3.16563 0 0 -27.4654 0 0 
-1.12365 0 0 32.3556 0 0 2.86766 0 0 -32.3556 0 0 
-0.768216 0 0 39.1772 0 0 2.51222 0 0 -39.1772 0 0 
-0.325901 0 0 50.4627 0 0 2.0699 0 0 -50.4627 0 0 
-0.453097 0 0 -46.7588 0 0 2.1971 0 0 46.7588 0 0 
-0.868106 0 0 -37.1157 0 0 2.61211 0 0 37.1157 0 0 
-1.20654 0 0 -30.9369 0 0 2.95054 0 0 30.9369 0 0 
-1.49215 0 0 -26.38 0 0 3.23615 0 0 26.38 0 0 
-1.73718 0 0 -22.7464 0 0 3.48119 0 0 22.7464 0 0 
-1.94902 0 0 -19.6995 0 0 3.69302 0 0 19.6995 0 0 
-2.1325 0 0 -17.0525 0 0 3.8765 0 0 17.0525 0 0 
-2.29102 0 0 -14.6912 0 0 4.03502 0 0 14.6912 0 0 
-2.42702 0 0 -12.5403 0 0 4.17102 0 0 12.5403 0 0 
-2.54235 0 0 -10.5475 0 0 4.28635 0 0 10.5475 0 0 
-2.63837 0 0 -8.67458 0 0 4.38237 0 0 8.67458 0 0 
-2.71614 0 0 -6.89223 0 0 4.46014 0 0 6.89223 0 0 
-2.77644 0 0 -5.17724 0 0 4.52044 0 0 5.17724 0 0 
-2.81985 0 0 -3.51036 0 0 4.56385 0 0 3.51036 0 0 
-2.84675 0 0 -1.87498 0 0 4.59075 0 0 1.87498 0 0 
-2.8574 0 0 -0.256036 0 0 4.6014 0 0 0.256036 0 0 
-2.85188 0 0 1.36068 0 0 4.59588 0 0 -1.36068 0 0 
-2.83015 0 0 2.98928 0 0 4.57415 0 0 -2.98928 0 0 
-2.79201 0 0 4.64446 0 0 4.53601 0 0 -4.64446 0 0 
-2.73712 0 0 6.34226 0 0 4.48112 0 0 -6.34226 0 0 
-2.66496 0 0 8.10097 0 0 4.40896 0 0 -8.10097 0 0 
-2.57482 0 0 9.94238 0 0 4.31882 0 0 -9.94238 0 0 
-2.46575 0 0 11.8935 0 0 4.20975 0 0 -11.8935 0 0 
-2.33647 0 0 13.9894 0 0 4.08047 0 0 -13.9894 0 0 
-2.18532 0 0 16.2772 0 0 3.92932 0 0 -16.2772 0 0 
-2.01007 0 0 18.8235 0 0 3.75407 0 0 -18.8235 0 0 
-1.80766 0 0 21.7278 0 0 3.55166 0 0 -21.7278 0 0 
-1.5738 0 0 25.1485 0 0 3.3178 0 0 -25.1485 0 0 
-1.30208 0 0 29.3613 0 0 3.04608 0 0 -29.3613 0 0 
-0.982193 0 0 34.9096 0 0 2.72619 0 0 -34.9096 0 0 
-0.595328 0 0 43.1006 0 0 2.33933 0 0 -43.1006 0 0 
-0.157264 0 0 -56.2238 0 0 1.90127 0 0 56.2238 0 0 
-0.639599 0 0 -42.0472 0 0 2.3836 0 0 42.0472 0 0 
-1.01815 0 0 -34.2429 0 0 2.76215 0 0 34.2429 0 0 
-1.33236 0 0 -28.8737 0 0 3.07636 0 0 28.8737 0 0 
-1.59975 0 0 -24.762 0 0 3.34376 0 0 24.762 0 0 
-1.83009 0 0 -21.4051 0 0 3.57409 0 0 21.4051 0 0 
-2.0295 0 0 -18.5441 0 0 3.7735 0 0 18.5441 0 0 
-2.20212 0 0 -16.0286 0 0 3.94612 0 0 16.0286 0 0 
-2.3509 0 0 -13.7634 0 0 4.0949 0 0 13.7634 0 0 
-2.47801 0 0 -11.6846 0 0 4.22201 0 0 11.6846 0 0 
-2.58506 0 0 -9.74628 0 0 4.32906 0 0 9.74628 0 0 
-2.67329 0 0 -7.91462 0 0 4.41729 0 0 7.91462 0 0 
-2.74362 0 0 -6.16319 0 0 4.48762 0 0 6.16319 0 0 
-2.79675 0 0 -4.47063 0 0 4.54075 0 0 4.47063 0 0 
-2.83317 0 0 -2.81892 0 0 4.57717 0 0 2.81892 0 0 
-2.85321 0 0 -1.19223 0 0 4.59721 0 0 1.19223 0 0 
-2.85705 0 0 0.424061 0 0 4.60105 0 0 -0.424061 0 0 
-2.84471 0 0 2.04404 0 0 4.58872 0 0 -2.04404 0 0 
-2.81611 0 0 3.68198 0 0 4.56011 0 0 -3.68198 0 0 
-2.77096 0 0 5.35305 0 0 4.51497 0 0 -5.35305 0 0 
-2.70888 0 0 7.07409 0 0 4.45288 0 0 -7.07409 0 0 
-2.62925 0 0 8.86471 0 0 4.37325 0 0 -8.86471 0 0 
-2.53127 0 0 10.7486 0 0 4.27528 0 0 -10.7486 0 0 
-2.41387 0 0 12.7559 0 0 4.15787 0 0 -12.7559 0 0 
-2.27561 0 0 14.9259 0 0 4.01962 0 0 -14.9259 0 0 
-2.11463 0 0 17.3129 0 0 3.85863 0 0 -17.3129 0 0 
-1.92838 0 0 19.9952 0 0 3.67238 0 0 -19.9952 0 0 
-1.71335 0 0 23.0928 0 0 3.45735 0 0 -23.0928 0 0 
-1.4645 0 0 26.803 0 0 3.2085 0 0 -26.803 0 0 
-1.17408 0 0 31.4863 0 0 2.91809 0 0 -31.4863 0 0 
-0.829099 0 0 37.9051 0 0 2.5731 0 0 -37.9051 0 0 
-0.403759 0 0 48.1408 0 0 2.14776 0 0 -48.1408 0 0 
-0.377559 0 0 -48.9019 0 0 2.12156 0 0 48.9019 0 0 
-0.808516 0 0 -38.3295 0 0 2.55252 0 0 38.3295 0 0 
-1.157 0 0 -31.7786 0 0 2.901 0 0 31.7786 0 0 
-1.44996 0 0 -27.0267 0 0 3.19396 0 0 27.0267 0 0 
-1.70083 0 0 -23.2752 0 0 3.44483 0 0 23.2752 0 0 
-1.91754 0 0 -20.1506 0 0 3.66154 0 0 20.1506 0 0 
-2.10524 0 0 -17.4494 0 0 3.84925 0 0 17.4494 0 0 
-2.26752 0 0 -15.0487 0 0 4.01152 0 0 15.0487 0 0 
-2.40695 0 0 -12.8685 0 0 4.15095 0 0 12.8685 0 0 
-2.52544 0 0 -10.8536 0 0 4.26944 0 0 10.8536 0 0 
-2.62444 0 0 -8.96382 0 0 4.36844 0 0 8.96382 0 0 
-2.70503 0 0 -7.16882 0 0 4.44903 0 0 7.16882 0 0 
-2.76805 0 0 -5.44455 0 0 4.51205 0 0 5.44455 0 0 
-2.81409 0 0 -3.77123 0 0 4.55809 0 0 3.77123 0 0 
-2.84359 0 0 -2.1319 0 0 4.58759 0 0 2.1319 0 0 
-2.85679 0 0 -0.51132 0 0 4.6008 0 0 0.51132 0 0 
-2.85383 0 0 1.10481 0 0 4.59783 0 0 -1.10481 0 0 
-2.83466 0 0 2.73058 0 0 4.57867 0 0 -2.73058 0 0 
-2.79914 0 0 4.38054 0 0 4.54314 0 0 -4.38054 0 0 
-2.74692 0 0 6.07046 0 0 4.49092 0 0 -6.07046 0 0 
-2.67753 0 0 7.8182 0 0 4.42154 0 0 -7.8182 0 0 
-2.59029 0 0 9.64491 0 0 4.3343 0 0 -9.64491 0 0 
-2.48429 0 0 11.5766 0 0 4.22829 0 0 -11.5766 0 0 
-2.3583 0 0 13.6469 0 0 4.1023 0 0 -13.6469 0 0 
-2.21074 0 0 15.9005 0 0 3.95474 0 0 -15.9005 0 0 
-2.03947 0 0 18.4005 0 0 3.78347 0 0 -18.4005 0 0 
-1.8416 0 0 21.2397 0 0 3.58561 0 0 -21.2397 0 0 
-1.61307 0 0 24.5645 0 0 3.35707 0 0 -24.5645 0 0 
-1.34788 0 0 28.6258 0 0 3.09188 0 0 -28.6258 0 0 
-1.03655 0 0 33.9066 0 0 2.78055 0 0 -33.9066 0 0 
-0.662163 0 0 41.524 0 0 2.40616 0 0 -41.524 0 0 
-0.187321 0 0 55.1111 0 0 1.93132 0 0 -55.1111 0 0 
-0.5719 0 0 -43.6733 0 0 2.3159 0 0 43.6733 0 0 
-0.963245 0 0 -35.2662 0 0 2.70725 0 0 35.2662 0 0 
-1.28615 0 0 -29.6199 0 0 3.03015 0 0 29.6199 0 0 
-1.56017 0 0 -25.3525 0 0 3.30417 0 0 25.3525 0 0 
-1.79588 0 0 -21.8976 0 0 3.53989 0 0 21.8976 0 0 
-1.99986 0 0 -18.9701 0 0 3.74386 0 0 18.9701 0 0 
-2.17649 0 0 -16.4074 0 0 3.9205 0 0 16.4074 0 0 
-2.32888 0 0 -14.1076 0 0 4.07288 0 0 14.1076 0 0 
-2.45929 0 0 -12.0027 0 0 4.2033 0 0 12.0027 0 0 
-2.56942 0 0 -10.0447 0 0 4.31343 0 0 10.0447 0 0 
-2.66056 0 0 -8.19808 0 0 4.40456 0 0 8.19808 0 0 
-2.73367 0 0 -6.4355 0 0 4.47767 0 0 6.4355 0 0 
-2.78947 0 0 -4.7349 0 0 4.53348 0 0 4.7349 0 0 
-2.82851 0 0 -3.07784 0 0 4.57251 0 0 3.07784 0 0 
-2.85112 0 0 -1.44819 0 0 4.59512 0 0 1.44819 0 0 
-2.85751 0 0 0.168803 0 0 4.60152 0 0 -0.168803 0 0 
-2.84774 0 0 1.78726 0 0 4.59174 0 0 -1.78726 0 0 
-2.82172 0 0 3.42139 0 0 4.56572 0 0 -3.42139 0 0 
-2.77921 0 0 5.08615 0 0 4.52321 0 0 -5.08615 0 0 
-2.71984 0 0 6.79808 0 0 4.46384 0 0 -6.79808 0 0 
-2.64303 0 0 8.57625 0 0 4.38703 0 0 -8.57625 0 0 
-2.54801 0 0 10.4436 0 0 4.29202 0 0 -10.4436 0 0 
-2.43376 0 0 12.4291 0 0 4.17777 0 0 -12.4291 0 0 
-2.29892 0 0 14.5702 0 0 4.04292 0 0 -14.5702 0 0 
-2.14167 0 0 16.9185 0 0 3.88567 0 0 -16.9185 0 0 
-1.95961 0 0 19.5476 0 0 3.70362 0 0 -19.5476 0 0 
-1.74942 0 0 22.569 0 0 3.49342 0 0 -22.569 0 0 
-1.50634 0 0 26.1642 0 0 3.25034 0 0 -26.1642 0 0 
-1.22317 0 0 30.6583 0 0 2.96717 0 0 -30.6583 0 0 
-0.888042 0 0 36.7196 0 0 2.63204 0 0 -36.7196 0 0 
-0.478163 0 0 46.0806 0 0 2.22216 0 0 -46.0806 0 0 
-0.298419 0 0 -51.328 0 0 2.04242 0 0 51.328 0 0 
-0.746937 0 0 -39.6341 0 0 2.49094 0 0 39.6341 0 0 
-1.1061 0 0 -32.663 0 0 2.8501 0 0 32.663 0 0 
-1.40673 0 0 -27.6976 0 0 3.15073 0 0 27.6976 0 0 
-1.66363 0 0 -23.8193 0 0 3.40763 0 0 23.8193 0 0 
-1.88534 0 0 -20.6121 0 0 3.62934 0 0 20.6121 0 0 
-2.07736 0 0 -17.8536 0 0 3.82136 0 0 17.8536 0 0 
-2.24346 0 0 -15.4116 0 0 3.98746 0 0 15.4116 0 0 
-2.38636 0 0 -13.2008 0 0 4.13036 0 0 13.2008 0 0 
-2.50805 0 0 -11.1627 0 0 4.25205 0 0 11.1627 0 0 
-2.61004 0 0 -9.25541 0 0 4.35405 0 0 9.25541 0 0 
-2.69349 0 0 -7.44716 0 0 4.43749 0 0 7.44716 0 0 
-2.75923 0 0 -5.71312 0 0 4.50324 0 0 5.71312 0 0 
-2.80793 0 0 -4.03294 0 0 4.55193 0 0 4.03294 0 0 
-2.84002 0 0 -2.38929 0 0 4.58402 0 0 2.38929 0 0 
-2.85578 0 0 -0.766714 0 0 4.59979 0 0 0.766714 0 0 
-2.85537 0 0 0.849185 0 0 4.59937 0 0 -0.849185 0 0 
-2.83878 0 0 2.47248 0 0 4.58278 0 0 -2.47248 0 0 
-2.80585 0 0 4.11761 0 0 4.54985 0 0 -4.11761 0 0 
-2.7563 0 0 5.8001 0 0 4.5003 0 0 -5.8001 0 0 
-2.68966 0 0 7.5374 0 0 4.43367 0 0 -7.5374 0 0 
-2.6053 0 0 9.35005 0 0 4.3493 0 0 -9.35005 0 0 
-2.50233 0 0 11.2632 0 0 4.24633 0 0 -11.2632 0 0 
-2.3796 0 0 13.3089 0 0 4.1236 0 0 -13.3089 0 0 
-2.23557 0 0 15.53 0 0 3.97957 0 0 -15.53 0 0 
-2.06822 0 0 17.9858 0 0 3.81222 0 0 -17.9858 0 0 
-1.87479 0 0 20.7634 0 0 3.61879 0 0 -20.7634 0 0 
-1.65143 0 0 23.9984 0 0 3.39544 0 0 -23.9984 0 0 
-1.39255 0 0 27.9196 0 0 3.13655 0 0 -27.9196 0 0 
-1.08937 0 0 32.9583 0 0 2.83337 0 0 -32.9583 0 0 
-0.726612 0 0 40.0768 0 0 2.47061 0 0 -40.0768 0 0 
-0.272025 0 0 52.1837 0 0 2.01603 0 0 -52.1837 0 0 
-0.501506 0 0 -45.4627 0 0 2.24551 0 0 45.4627 0 0 
-0.906675 0 0 -36.3535 0 0 2.65068 0 0 36.3535 0 0 
-1.23874 0 0 -30.3991 0 0 2.98274 0 0 30.3991 0 0 
-1.51963 0 0 -25.9628 0 0 3.26363 0 0 25.9628 0 0 
-1.76089 0 0 -22.4029 0 0 3.50489 0 0 22.4029 0 0 
-1.96955 0 0 -19.4051 0 0 3.71355 0 0 19.4051 0 0 
-2.15027 0 0 -16.7927 0 0 3.89427 0 0 16.7927 0 0 
-2.30632 0 0 -14.4565 0 0 4.05032 0 0 14.4565 0 0 
-2.44008 0 0 -12.3244 0 0 4.18408 0 0 12.3244 0 0 
-2.55332 0 0 -10.3458 0 0 4.29732 0 0 10.3458 0 0 
-2.64738 0 0 -8.48362 0 0 4.39138 0 0 8.48362 0 0 
-2.72328 0 0 -6.70935 0 0 4.46728 0 0 6.70935 0 0 
-2.78178 0 0 -5.00026 0 0 4.52579 0 0 5.00026 0 0 
-2.82344 0 0 -3.33744 0 0 4.56744 0 0 3.33744 0 0 
-2.84863 0 0 -1.70446 0 0 4.59263 0 0 1.70446 0 0 
-2.85758 0 0 -0.0864195 0 0 4.60158 0 0 0.0864195 0 0 
-2.85036 0 0 1.53087 0 0 4.59436 0 0 -1.53087 0 0 
-2.82692 0 0 3.16156 0 0 4.57092 0 0 -3.16156 0 0 
-2.78704 0 0 4.82043 0 0 4.53104 0 0 -4.82043 0 0 
-2.73036 0 0 6.52372 0 0 4.47436 0 0 -6.52372 0 0 
-2.65635 0 0 8.29002 0 0 4.40036 0 0 -8.29002 0 0 
-2.56428 0 0 10.1416 0 0 4.30828 0 0 -10.1416 0 0 
-2.45315 0 0 12.1061 0 0 4.19715 0 0 -12.1061 0 0 
-2.32166 0 0 14.2197 0 0 4.06566 0 0 -14.2197 0 0 
-2.1681 0 0 16.531 0 0 3.9121 0 0 -16.531 0 0 
-1.99015 0 0 19.1095 0 0 3.73415 0 0 -19.1095 0 0 
-1.78467 0 0 22.0592 0 0 3.52868 0 0 -22.0592 0 0 
-1.54719 0 0 25.5473 0 0 3.29119 0 0 -25.5473 0 0 
-1.27098 0 0 29.8677 0 0 3.01499 0 0 -29.8677 0 0 
-0.945172 0 0 35.6098 0 0 2.68917 0 0 -35.6098 0 0 
-0.549485 0 0 44.2315 0 0 2.29349 0 0 -44.2315 0 0 
-0.215172 0 0 -54.1161 0 0 1.95917 0 0 54.1161 0 0 
-0.683217 0 0 -41.0438 0 0 2.42722 0 0 41.0438 0 0 
-1.05376 0 0 -33.5948 0 0 2.79776 0 0 33.5948 0 0 
-1.36242 0 0 -28.3948 0 0 3.10643 0 0 28.3948 0 0 
-1.62555 0 0 -24.3799 0 0 3.36955 0 0 24.3799 0 0 
-1.8524 0 0 -21.0847 0 0 3.5964 0 0 21.0847 0 0 
-2.04882 0 0 -18.2657 0 0 3.79282 0 0 18.2657 0 0 
-2.21882 0 0 -15.7803 0 0 3.96282 0 0 15.7803 0 0 
-2.36523 0 0 -13.5373 0 0 4.10923 0 0 13.5373 0 0 
-2.49016 0 0 -11.4751 0 0 4.23417 0 0 11.4751 0 0 
-2.59519 0 0 -9.54945 0 0 4.33919 0 0 9.54945 0 0 
-2.6815 0 0 -7.72735 0 0 4.4255 0 0 7.72735 0 0 
-2.74999 0 0 -5.98304 0 0 4.494 0 0 5.98304 0 0 
-2.80135 0 0 -4.29557 0 0 4.54535 0 0 4.29557 0 0 
-2.83604 0 0 -2.64721 0 0 4.58004 0 0 2.64721 0 0 
-2.85437 0 0 -1.02227 0 0 4.59837 0 0 1.02227 0 0 
-2.85651 0 0 0.593743 0 0 4.60051 0 0 -0.593743 0 0 
-2.84248 0 0 2.21493 0 0 4.58648 0 0 -2.21493 0 0 
-2.81215 0 0 3.85561 0 0 4.55615 0 0 -3.85561 0 0 
-2.76525 0 0 5.5311 0 0 4.50925 0 0 -5.5311 0 0 
-2.70135 0 0 7.25847 0 0 4.44536 0 0 -7.25847 0 0 
-2.61984 0 0 9.05768 0 0 4.36384 0 0 -9.05768 0 0 
-2.51988 0 0 10.953 0 0 4.26388 0 0 -10.953 0 0 
-2.40036 0 0 12.9753 0 0 4.14436 0 0 -12.9753 0 0 
-2.25982 0 0 15.1652 0 0 4.00382 0 0 -15.1652 0 0 
-2.09631 0 0 17.579 0 0 3.84031 0 0 -17.579 0 0 
-1.90722 0 0 20.2984 0 0 3.65122 0 0 -20.2984 0 0 
-1.68891 0 0 23.4491 0 0 3.43292 0 0 -23.4491 0 0 
-1.43612 0 0 27.2405 0 0 3.18013 0 0 -27.2405 0 0 
-1.14072 0 0 32.0591 0 0 2.88473 0 0 -32.0591 0 0 
-0.788863 0 0 38.74 0 0 2.53287 0 0 -38.74 0 0 
-0.352429 0 0 49.6508 0 0 2.09643 0 0 -49.6508 0 0 
-0.428133 0 0 -47.45 0 0 2.17214 0 0 47.45 0 0 
-0.84833 0 0 -37.5135 0 0 2.59233 0 0 37.5135 0 0 
-1.19007 0 0 -31.2147 0 0 2.93407 0 0 31.2147 0 0 
-1.47811 0 0 -26.5944 0 0 3.22211 0 0 26.5944 0 0 
-1.72508 0 0 -22.9221 0 0 3.46908 0 0 22.9221 0 0 
-1.93854 0 0 -19.8497 0 0 3.68254 0 0 19.8497 0 0 
-2.12343 0 0 -17.1848 0 0 3.86743 0 0 17.1848 0 0 
-2.2832 0 0 -14.8105 0 0 4.0272 0 0 14.8105 0 0 
-2.42035 0 0 -12.65 0 0 4.16435 0 0 12.65 0 0 
-2.53673 0 0 -10.6499 0 0 4.28073 0 0 10.6499 0 0 
-2.63375 0 0 -8.77135 0 0 4.37775 0 0 8.77135 0 0 
-2.71246 0 0 -6.98481 0 0 4.45646 0 0 6.98481 0 0 
-2.77367 0 0 -5.26677 0 0 4.51767 0 0 5.26677 0 0 
-2.81796 0 0 -3.59778 0 0 4.56196 0 0 3.59778 0 0 
-2.84574 0 0 -1.96111 0 0 4.58974 0 0 1.96111 0 0 
-2.85724 0 0 -0.34166 0 0 4.60124 0 0 0.34166 0 0 
-2.85258 0 0 1.27482 0 0 4.59658 0 0 -1.27482 0 0 
-2.83171 0 0 2.90243 0 0 4.57571 0 0 -2.90243 0 0 
-2.79444 0 0 4.55582 0 0 4.53845 0 0 -4.55582 0 0 
-2.74045 0 0 6.25092 0 0 4.48445 0 0 -6.25092 0 0 
-2.66923 0 0 8.00589 0 0 4.41323 0 0 -8.00589 0 0 
-2.58006 0 0 9.8423 0 0 4.32407 0 0 -9.8423 0 0 
-2.47202 0 0 11.7869 0 0 4.21602 0 0 -11.7869 0 0 
-2.34385 0 0 13.874 0 0 4.08785 0 0 -13.874 0 0 
-2.19391 0 0 16.1502 0 0 3.93791 0 0 -16.1502 0 0 
-2.02 0 0 18.6807 0 0 3.76401 0 0 -18.6807 0 0 
-1.81913 0 0 21.5627 0 0 3.56314 0 0 -21.5627 0 0 
-1.58708 0 0 24.9505 0 0 3.33108 0 0 -24.9505 0 0 
-1.31757 0 0 29.1111 0 0 3.06157 0 0 -29.1111 0 0 
-1.0006 0 0 34.5666 0 0 2.74461 0 0 -34.5666 0 0 
-0.618026 0 0 42.5559 0 0 2.36203 0 0 -42.5559 0 0 
-0.128309 0 0 57.3366 0 0 1.87231 0 0 -57.3366 0 0 
-0.617175 0 0 -42.5762 0 0 2.36118 0 0 42.5762 0 0 
-0.999912 0 0 -34.5795 0 0 2.74391 0 0 34.5795 0 0 
-1.31699 0 0 -29.1205 0 0 3.06099 0 0 29.1205 0 0 
-1.58658 0 0 -24.958 0 0 3.33058 0 0 24.958 0 0 
-1.8187 0 0 -21.5689 0 0 3.5627 0 0 21.5689 0 0 
-2.01963 0 0 -18.686 0 0 3.76363 0 0 18.686 0 0 
-2.19359 0 0 -16.1549 0 0 3.93759 0 0 16.1549 0 0 
-2.34358 0 0 -13.8784 0 0 4.08758 0 0 13.8784 0 0 
-2.47179 0 0 -11.7909 0 0 4.21579 0 0 11.7909 0 0 
-2.57987 0 0 -9.84607 0 0 4.32387 0 0 9.84607 0 0 
-2.66907 0 0 -8.00948 0 0 4.41307 0 0 8.00948 0 0 
-2.74033 0 0 -6.25437 0 0 4.48433 0 0 6.25437 0 0 
-2.79435 0 0 -4.55916 0 0 4.53836 0 0 4.55916 0 0 
-2.83165 0 0 -2.9057 0 0 4.57565 0 0 2.9057 0 0 
-2.85255 0 0 -1.27806 0 0 4.59656 0 0 1.27806 0 0 
-2.85725 0 0 0.338429 0 0 4.60125 0 0 -0.338429 0 0 
-2.84577 0 0 1.95786 0 0 4.58978 0 0 -1.95786 0 0 
-2.81803 0 0 3.59448 0 0 4.56204 0 0 -3.59448 0 0 
-2.77378 0 0 5.26338 0 0 4.51778 0 0 -5.26338 0 0 
-2.7126 0 0 6.98132 0 0 4.4566 0 0 -6.98132 0 0 
-2.63392 0 0 8.76769 0 0 4.37793 0 0 -8.76769 0 0 
-2.53694 0 0 10.646 0 0 4.28094 0 0 -10.646 0 0 
-2.4206 0 0 12.6458 0 0 4.1646 0 0 -12.6458 0 0 
-2.28349 0 0 14.806 0 0 4.0275 0 0 -14.806 0 0 
-2.12377 0 0 17.1798 0 0 3.86777 0 0 -17.1798 0 0 
-1.93893 0 0 19.844 0 0 3.68294 0 0 -19.844 0 0 
-1.72554 0 0 22.9154 0 0 3.46954 0 0 -22.9154 0 0 
-1.47864 0 0 26.5862 0 0 3.22265 0 0 -26.5862 0 0 
-1.1907 0 0 31.2041 0 0 2.9347 0 0 -31.2041 0 0 
-0.84908 0 0 37.4983 0 0 2.59308 0 0 -37.4983 0 0 
-0.429082 0 0 47.4234 0 0 2.17308 0 0 -47.4234 0 0 
-0.351436 0 0 -49.6808 0 0 2.09544 0 0 49.6808 0 0 
-0.788089 0 0 -38.7563 0 0 2.53209 0 0 38.7563 0 0 
-1.14008 0 0 -32.0702 0 0 2.88408 0 0 32.0702 0 0 
-1.43558 0 0 -27.2489 0 0 3.17958 0 0 27.2489 0 0 
-1.68845 0 0 -23.4559 0 0 3.43245 0 0 23.4559 0 0 
-1.90682 0 0 -20.3042 0 0 3.65082 0 0 20.3042 0 0 
-2.09596 0 0 -17.5841 0 0 3.83996 0 0 17.5841 0 0 
-2.25951 0 0 -15.1698 0 0 4.00352 0 0 15.1698 0 0 
-2.4001 0 0 -12.9795 0 0 4.1441 0 0 12.9795 0 0 
-2.51966 0 0 -10.9569 0 0 4.26366 0 0 10.9569 0 0 
-2.61966 0 0 -9.06136 0 0 4.36366 0 0 9.06136 0 0 
-2.70121 0 0 -7.26199 0 0 4.44521 0 0 7.26199 0 0 
-2.76514 0 0 -5.53449 0 0 4.50914 0 0 5.53449 0 0 
-2.81207 0 0 -3.85892 0 0 4.55607 0 0 3.85892 0 0 
-2.84243 0 0 -2.21818 0 0 4.58644 0 0 2.21818 0 0 
-2.8565 0 0 -0.596975 0 0 4.6005 0 0 0.596975 0 0 
-2.85439 0 0 1.01904 0 0 4.59839 0 0 -1.01904 0 0 
-2.83609 0 0 2.64394 0 0 4.58009 0 0 -2.64394 0 0 
-2.80143 0 0 4.29224 0 0 4.54544 0 0 -4.29224 0 0 
-2.75011 0 0 5.97961 0 0 4.49412 0 0 -5.97961 0 0 
-2.68165 0 0 7.7238 0 0 4.42565 0 0 -7.7238 0 0 
-2.59538 0 0 9.54572 0 0 4.33938 0 0 -9.54572 0 0 
-2.49039 0 0 11.4711 0 0 4.2344 0 0 -11.4711 0 0 
-2.3655 0 0 13.533 0 0 4.10951 0 0 -13.533 0 0 
-2.21913 0 0 15.7756 0 0 3.96314 0 0 -15.7756 0 0 
-2.04919 0 0 18.2605 0 0 3.79319 0 0 -18.2605 0 0 
-1.85282 0 0 21.0786 0 0 3.59682 0 0 -21.0786 0 0 
-1.62604 0 0 24.3727 0 0 3.37004 0 0 -24.3727 0 0 
-1.36299 0 0 28.3858 0 0 3.10699 0 0 -28.3858 0 0 
-1.05443 0 0 33.5827 0 0 2.79844 0 0 -33.5827 0 0 
-0.684038 0 0 41.0252 0 0 2.42804 0 0 -41.0252 0 0 
-0.216254 0 0 54.0782 0 0 1.96026 0 0 -54.0782 0 0 
-0.5486 0 0 -44.2538 0 0 2.2926 0 0 44.2538 0 0 
-0.94446 0 0 -35.6234 0 0 2.68846 0 0 35.6234 0 0 
-1.27039 0 0 -29.8774 0 0 3.01439 0 0 29.8774 0 0 
-1.54667 0 0 -25.5549 0 0 3.29068 0 0 25.5549 0 0 
-1.78423 0 0 -22.0656 0 0 3.52823 0 0 22.0656 0 0 
-1.98977 0 0 -19.115 0 0 3.73377 0 0 19.115 0 0 
-2.16776 0 0 -16.5359 0 0 3.91177 0 0 16.5359 0 0 
-2.32137 0 0 -14.2241 0 0 4.06538 0 0 14.2241 0 0 
-2.4529 0 0 -12.1102 0 0 4.19691 0 0 12.1102 0 0 
-2.56407 0 0 -10.1454 0 0 4.30808 0 0 10.1454 0 0 
-2.65619 0 0 -8.29362 0 0 4.40019 0 0 8.29362 0 0 
-2.73023 0 0 -6.52718 0 0 4.47423 0 0 6.52718 0 0 
-2.78694 0 0 -4.82379 0 0 4.53094 0 0 4.82379 0 0 
-2.82685 0 0 -3.16484 0 0 4.57086 0 0 3.16484 0 0 
-2.85033 0 0 -1.53412 0 0 4.59433 0 0 1.53412 0 0 
-2.85758 0 0 0.0831888 0 0 4.60158 0 0 -0.0831888 0 0 
-2.84867 0 0 1.70122 0 0 4.59267 0 0 -1.70122 0 0 
-2.82351 0 0 3.33415 0 0 4.56751 0 0 -3.33415 0 0 
-2.78188 0 0 4.99689 0 0 4.52589 0 0 -4.99689 0 0 
-2.72342 0 0 6.70587 0 0 4.46742 0 0 -6.70587 0 0 
-2.64755 0 0 8.47999 0 0 4.39155 0 0 -8.47999 0 0 
-2.55352 0 0 10.342 0 0 4.29753 0 0 -10.342 0 0 
-2.44032 0 0 12.3203 0 0 4.18432 0 0 -12.3203 0 0 
-2.30661 0 0 14.4521 0 0 4.05061 0 0 -14.4521 0 0 
-2.1506 0 0 16.7878 0 0 3.89461 0 0 -16.7878 0 0 
-1.96993 0 0 19.3996 0 0 3.71394 0 0 -19.3996 0 0 
-1.76134 0 0 22.3965 0 0 3.50534 0 0 -22.3965 0 0 
-1.52015 0 0 25.9549 0 0 3.26415 0 0 -25.9549 0 0 
-1.23935 0 0 30.3891 0 0 2.98335 0 0 -30.3891 0 0 
-0.907402 0 0 36.3393 0 0 2.6514 0 0 -36.3393 0 0 
-0.502415 0 0 45.4389 0 0 2.24642 0 0 -45.4389 0 0 
-0.270981 0 0 -52.2181 0 0 2.01498 0 0 52.2181 0 0 
-0.72581 0 0 -40.0944 0 0 2.46981 0 0 40.0944 0 0 
-1.08871 0 0 -32.97 0 0 2.83271 0 0 32.97 0 0 
-1.39199 0 0 -27.9284 0 0 3.13599 0 0 27.9284 0 0 
-1.65095 0 0 -24.0055 0 0 3.39496 0 0 24.0055 0 0 
-1.87437 0 0 -20.7693 0 0 3.61837 0 0 20.7693 0 0 
-2.06786 0 0 -17.991 0 0 3.81186 0 0 17.991 0 0 
-2.23526 0 0 -15.5346 0 0 3.97926 0 0 15.5346 0 0 
-2.37933 0 0 -13.3132 0 0 4.12333 0 0 13.3132 0 0 
-2.5021 0 0 -11.2671 0 0 4.24611 0 0 11.2671 0 0 
-2.60511 0 0 -9.35376 0 0 4.34912 0 0 9.35376 0 0 
-2.68951 0 0 -7.54094 0 0 4.43352 0 0 7.54094 0 0 
-2.75618 0 0 -5.80351 0 0 4.50018 0 0 5.80351 0 0 
-2.80577 0 0 -4.12093 0 0 4.54977 0 0 4.12093 0 0 
-2.83873 0 0 -2.47575 0 0 4.58273 0 0 2.47575 0 0 
-2.85535 0 0 -0.852419 0 0 4.59936 0 0 0.852419 0 0 
-2.8558 0 0 0.763481 0 0 4.5998 0 0 -0.763481 0 0 
-2.84006 0 0 2.38603 0 0 4.58406 0 0 -2.38603 0 0 
-2.80801 0 0 4.02963 0 0 4.55201 0 0 -4.02963 0 0 
-2.75935 0 0 5.70971 0 0 4.50335 0 0 -5.70971 0 0 
-2.69363 0 0 7.44363 0 0 4.43764 0 0 -7.44363 0 0 
-2.61023 0 0 9.2517 0 0 4.35423 0 0 -9.2517 0 0 
-2.50827 0 0 11.1588 0 0 4.25227 0 0 -11.1588 0 0 
-2.38662 0 0 13.1965 0 0 4.13062 0 0 -13.1965 0 0 
-2.24377 0 0 15.407 0 0 3.98777 0 0 -15.407 0 0 
-2.07771 0 0 17.8485 0 0 3.82171 0 0 -17.8485 0 0 
-1.88575 0 0 20.6062 0 0 3.62975 0 0 -20.6062 0 0 
-1.6641 0 0 23.8123 0 0 3.40811 0 0 -23.8123 0 0 
-1.40729 0 0 27.6889 0 0 3.15129 0 0 -27.6889 0 0 
-1.10675 0 0 32.6515 0 0 2.85075 0 0 -32.6515 0 0 
-0.74773 0 0 39.617 0 0 2.49173 0 0 -39.617 0 0 
-0.299445 0 0 51.2952 0 0 2.04345 0 0 -51.2952 0 0 
-0.477241 0 0 -46.1053 0 0 2.22124 0 0 46.1053 0 0 
-0.887307 0 0 -36.7341 0 0 2.63131 0 0 36.7341 0 0 
-1.22256 0 0 -30.6685 0 0 2.96656 0 0 30.6685 0 0 
-1.50581 0 0 -26.1722 0 0 3.24982 0 0 26.1722 0 0 
-1.74897 0 0 -22.5755 0 0 3.49297 0 0 22.5755 0 0 
-1.95922 0 0 -19.5532 0 0 3.70322 0 0 19.5532 0 0 
-2.14133 0 0 -16.9235 0 0 3.88533 0 0 16.9235 0 0 
-2.29862 0 0 -14.5747 0 0 4.04263 0 0 14.5747 0 0 
-2.43352 0 0 -12.4332 0 0 4.17752 0 0 12.4332 0 0 
-2.54781 0 0 -10.4475 0 0 4.29181 0 0 10.4475 0 0 
-2.64286 0 0 -8.57989 0 0 4.38686 0 0 8.57989 0 0 
-2.7197 0 0 -6.80157 0 0 4.4637 0 0 6.80157 0 0 
-2.77911 0 0 -5.08952 0 0 4.52311 0 0 5.08952 0 0 
-2.82165 0 0 -3.42468 0 0 4.56565 0 0 3.42468 0 0 
-2.84771 0 0 -1.79051 0 0 4.59171 0 0 1.79051 0 0 
-2.85751 0 0 -0.172033 0 0 4.60151 0 0 0.172033 0 0 
-2.85115 0 0 1.44495 0 0 4.59515 0 0 -1.44495 0 0 
-2.82857 0 0 3.07456 0 0 4.57257 0 0 -3.07456 0 0 
-2.78957 0 0 4.73155 0 0 4.53357 0 0 -4.73155 0 0 
-2.73379 0 0 6.43204 0 0 4.4778 0 0 -6.43204 0 0 
-2.66072 0 0 8.19448 0 0 4.40472 0 0 -8.19448 0 0 
-2.56963 0 0 10.0409 0 0 4.31363 0 0 -10.0409 0 0 
-2.45953 0 0 11.9986 0 0 4.20354 0 0 -11.9986 0 0 
-2.32916 0 0 14.1032 0 0 4.07317 0 0 -14.1032 0 0 
-2.17682 0 0 16.4026 0 0 3.92082 0 0 -16.4026 0 0 
-2.00024 0 0 18.9647 0 0 3.74424 0 0 -18.9647 0 0 
-1.79632 0 0 21.8912 0 0 3.54032 0 0 -21.8912 0 0 
-1.56067 0 0 25.3449 0 0 3.30467 0 0 -25.3449 0 0 
-1.28674 0 0 29.6102 0 0 3.03075 0 0 -29.6102 0 0 
-0.963951 0 0 35.2528 0 0 2.70795 0 0 -35.2528 0 0 
-0.572773 0 0 43.6517 0 0 2.31677 0 0 -43.6517 0 0 
-0.186219 0 0 -55.1512 0 0 1.93022 0 0 55.1512 0 0 
-0.661332 0 0 -41.5431 0 0 2.40533 0 0 41.5431 0 0 
-1.03587 0 0 -33.9189 0 0 2.77987 0 0 33.9189 0 0 
-1.34731 0 0 -28.6349 0 0 3.09131 0 0 28.6349 0 0 
-1.61258 0 0 -24.5718 0 0 3.35658 0 0 24.5718 0 0 
-1.84118 0 0 -21.2458 0 0 3.58518 0 0 21.2458 0 0 
-2.0391 0 0 -18.4058 0 0 3.78311 0 0 18.4058 0 0 
-2.21042 0 0 -15.9053 0 0 3.95442 0 0 15.9053 0 0 
-2.35803 0 0 -13.6512 0 0 4.10203 0 0 13.6512 0 0 
-2.48406 0 0 -11.5806 0 0 4.22806 0 0 11.5806 0 0 
-2.5901 0 0 -9.64866 0 0 4.3341 0 0 9.64866 0 0 
-2.67738 0 0 -7.82177 0 0 4.42138 0 0 7.82177 0 0 
-2.7468 0 0 -6.07389 0 0 4.4908 0 0 6.07389 0 0 
-2.79905 0 0 -4.38387 0 0 4.54305 0 0 4.38387 0 0 
-2.83461 0 0 -2.73385 0 0 4.57861 0 0 2.73385 0 0 
-2.85381 0 0 -1.10805 0 0 4.59781 0 0 1.10805 0 0 
-2.8568 0 0 0.508088 0 0 4.60081 0 0 -0.508088 0 0 
-2.84363 0 0 2.12864 0 0 4.58763 0 0 -2.12864 0 0 
-2.81417 0 0 3.76792 0 0 4.55817 0 0 -3.76792 0 0 
-2.76816 0 0 5.44115 0 0 4.51216 0 0 -5.44115 0 0 
-2.70518 0 0 7.1653 0 0 4.44918 0 0 -7.1653 0 0 
-2.62462 0 0 8.96014 0 0 4.36862 0 0 -8.96014 0 0 
-2.52566 0 0 10.8497 0 0 4.26966 0 0 -10.8497 0 0 
-2.40721 0 0 12.8643 0 0 4.15121 0 0 -12.8643 0 0 
-2.26782 0 0 15.0441 0 0 4.01182 0 0 -15.0441 0 0 
-2.10559 0 0 17.4443 0 0 3.84959 0 0 -17.4443 0 0 
-1.91794 0 0 20.1448 0 0 3.66194 0 0 -20.1448 0 0 
-1.70129 0 0 23.2684 0 0 3.4453 0 0 -23.2684 0 0 
-1.4505 0 0 27.0184 0 0 3.1945 0 0 -27.0184 0 0 
-1.15764 0 0 31.7676 0 0 2.90164 0 0 -31.7676 0 0 
-0.809282 0 0 38.3136 0 0 2.55328 0 0 -38.3136 0 0 
-0.378536 0 0 48.8731 0 0 2.12254 0 0 -48.8731 0 0 
-0.402796 0 0 -48.1684 0 0 2.1468 0 0 48.1684 0 0 
-0.82834 0 0 -37.9206 0 0 2.57234 0 0 37.9206 0 0 
-1.17345 0 0 -31.497 0 0 2.91746 0 0 31.497 0 0 
-1.46396 0 0 -26.8113 0 0 3.20796 0 0 26.8113 0 0 
-1.71289 0 0 -23.0995 0 0 3.45689 0 0 23.0995 0 0 
-1.92798 0 0 -20.001 0 0 3.67198 0 0 20.001 0 0 
-2.11428 0 0 -17.3179 0 0 3.85829 0 0 17.3179 0 0 
-2.27532 0 0 -14.9304 0 0 4.01932 0 0 14.9304 0 0 
-2.41361 0 0 -12.76 0 0 4.15762 0 0 12.76 0 0 
-2.53106 0 0 -10.7525 0 0 4.27506 0 0 10.7525 0 0 
-2.62907 0 0 -8.86837 0 0 4.37308 0 0 8.86837 0 0 
-2.70874 0 0 -7.0776 0 0 4.45274 0 0 7.0776 0 0 
-2.77086 0 0 -5.35643 0 0 4.51486 0 0 5.35643 0 0 
-2.81603 0 0 -3.68529 0 0 4.56003 0 0 3.68529 0 0 
-2.84467 0 0 -2.04729 0 0 4.58868 0 0 2.04729 0 0 
-2.85704 0 0 -0.427293 0 0 4.60104 0 0 0.427293 0 0 
-2.85323 0 0 1.18899 0 0 4.59723 0 0 -1.18899 0 0 
-2.83322 0 0 2.81565 0 0 4.57722 0 0 -2.81565 0 0 
-2.79684 0 0 4.46729 0 0 4.54084 0 0 -4.46729 0 0 
-2.74374 0 0 6.15975 0 0 4.48774 0 0 -6.15975 0 0 
-2.67344 0 0 7.91105 0 0 4.41745 0 0 -7.91105 0 0 
-2.58525 0 0 9.74252 0 0 4.32926 0 0 -9.74252 0 0 
-2.47824 0 0 11.6806 0 0 4.22224 0 0 -11.6806 0 0 
-2.35118 0 0 13.7591 0 0 4.09518 0 0 -13.7591 0 0 
-2.20244 0 0 16.0238 0 0 3.94644 0 0 -16.0238 0 0 
-2.02987 0 0 18.5388 0 0 3.77387 0 0 -18.5388 0 0 
-1.83052 0 0 21.399 0 0 3.57452 0 0 -21.399 0 0 
-1.60025 0 0 24.7547 0 0 3.34425 0 0 -24.7547 0 0 
-1.33294 0 0 28.8645 0 0 3.07694 0 0 -28.8645 0 0 
-1.01883 0 0 34.2303 0 0 2.76284 0 0 -34.2303 0 0 
-0.64044 0 0 42.0275 0 0 2.38444 0 0 -42.0275 0 0 
-0.158388 0 0 56.1814 0 0 1.90239 0 0 -56.1814 0 0 
-0.594465 0 0 -43.1215 0 0 2.33847 0 0 43.1215 0 0 
-0.981494 0 0 -34.9227 0 0 2.7255 0 0 34.9227 0 0 
-1.30149 0 0 -29.3708 0 0 3.04549 0 0 29.3708 0 0 
-1.5733 0 0 -25.1561 0 0 3.3173 0 0 25.1561 0 0 
-1.80723 0 0 -21.7341 0 0 3.55123 0 0 21.7341 0 0 
-2.00969 0 0 -18.829 0 0 3.75369 0 0 18.829 0 0 
-2.18499 0 0 -16.282 0 0 3.929 0 0 16.282 0 0 
-2.33619 0 0 -13.9938 0 0 4.08019 0 0 13.9938 0 0 
-2.46551 0 0 -11.8976 0 0 4.20951 0 0 11.8976 0 0 
-2.57462 0 0 -9.94617 0 0 4.31862 0 0 9.94617 0 0 
-2.6648 0 0 -8.10456 0 0 4.4088 0 0 8.10456 0 0 
-2.73699 0 0 -6.34571 0 0 4.48099 0 0 6.34571 0 0 
-2.79191 0 0 -4.64781 0 0 4.53592 0 0 4.64781 0 0 
-2.83009 0 0 -2.99256 0 0 4.57409 0 0 2.99256 0 0 
-2.85185 0 0 -1.36392 0 0 4.59585 0 0 1.36392 0 0 
-2.8574 0 0 0.252805 0 0 4.60141 0 0 -0.252805 0 0 
-2.84679 0 0 1.87173 0 0 4.59079 0 0 -1.87173 0 0 
-2.81992 0 0 3.50707 0 0 4.56392 0 0 -3.50707 0 0 
-2.77654 0 0 5.17386 0 0 4.52055 0 0 -5.17386 0 0 
-2.71628 0 0 6.88873 0 0 4.46028 0 0 -6.88873 0 0 
-2.63854 0 0 8.67094 0 0 4.38255 0 0 -8.67094 0 0 
-2.54256 0 0 10.5437 0 0 4.28656 0 0 -10.5437 0 0 
-2.42727 0 0 12.5362 0 0 4.17127 0 0 -12.5362 0 0 
-2.29131 0 0 14.6867 0 0 4.03531 0 0 -14.6867 0 0 
-2.13284 0 0 17.0475 0 0 3.87684 0 0 -17.0475 0 0 
-1.94941 0 0 19.6938 0 0 3.69341 0 0 -19.6938 0 0 
-1.73764 0 0 22.7398 0 0 3.48164 0 0 -22.7398 0 0 
-1.49268 0 0 26.372 0 0 3.23668 0 0 -26.372 0 0 
-1.20716 0 0 30.9265 0 0 2.95116 0 0 -30.9265 0 0 
-0.868849 0 0 37.1009 0 0 2.61285 0 0 -37.1009 0 0 
-0.454032 0 0 46.7332 0 0 2.19803 0 0 -46.7332 0 0 
-0.324891 0 0 -50.494 0 0 2.06889 0 0 50.494 0 0 
-0.767432 0 0 -39.1939 0 0 2.51143 0 0 39.1939 0 0 
-1.12301 0 0 -32.3669 0 0 2.86701 0 0 32.3669 0 0 
-1.42108 0 0 -27.474 0 0 3.16508 0 0 27.474 0 0 
-1.67597 0 0 -23.6385 0 0 3.41997 0 0 23.6385 0 0 
-1.89601 0 0 -20.459 0 0 3.64002 0 0 20.459 0 0 
-2.0866 0 0 -17.7197 0 0 3.83061 0 0 17.7197 0 0 
-2.25144 0 0 -15.2916 0 0 3.99544 0 0 15.2916 0 0 
-2.39319 0 0 -13.091 0 0 4.13719 0 0 13.091 0 0 
-2.51383 0 0 -11.0606 0 0 4.25783 0 0 11.0606 0 0 
-2.61483 0 0 -9.15917 0 0 4.35883 0 0 9.15917 0 0 
-2.69733 0 0 -7.35536 0 0 4.44134 0 0 7.35536 0 0 
-2.76218 0 0 -5.62459 0 0 4.50618 0 0 5.62459 0 0 
-2.81 0 0 -3.94671 0 0 4.554 0 0 3.94671 0 0 
-2.84124 0 0 -2.30452 0 0 4.58524 0 0 2.30452 0 0 
-2.85616 0 0 -0.682645 0 0 4.60016 0 0 0.682645 0 0 
-2.85491 0 0 0.933292 0 0 4.59891 0 0 -0.933292 0 0 
-2.83747 0 0 2.55736 0 0 4.58147 0 0 -2.55736 0 0 
-2.80369 0 0 4.20404 0 0 4.54769 0 0 -4.20404 0 0 
-2.75326 0 0 5.88892 0 0 4.49726 0 0 -5.88892 0 0 
-2.68572 0 0 7.6296 0 0 4.42972 0 0 -7.6296 0 0 
-2.60041 0 0 9.44681 0 0 4.34441 0 0 -9.44681 0 0 
-2.49645 0 0 11.366 0 0 4.24045 0 0 -11.366 0 0 
-2.37265 0 0 13.4197 0 0 4.11665 0 0 -13.4197 0 0 
-2.22746 0 0 15.6513 0 0 3.97146 0 0 -15.6513 0 0 
-2.05883 0 0 18.1214 0 0 3.80283 0 0 -18.1214 0 0 
-1.86395 0 0 20.9189 0 0 3.60795 0 0 -20.9189 0 0 
-1.63891 0 0 24.1828 0 0 3.38291 0 0 -24.1828 0 0 
-1.37797 0 0 28.149 0 0 3.12197 0 0 -28.149 0 0 
-1.07215 0 0 33.2647 0 0 2.81615 0 0 -33.2647 0 0 
-0.705652 0 0 40.5401 0 0 2.44965 0 0 -40.5401 0 0 
-0.244654 0 0 53.0983 0 0 1.98866 0 0 -53.0983 0 0 
-0.524987 0 0 -44.8538 0 0 2.26899 0 0 44.8538 0 0 
-0.925483 0 0 -35.9881 0 0 2.66949 0 0 35.9881 0 0 
-1.25448 0 0 -30.1388 0 0 2.99848 0 0 30.1388 0 0 
-1.53308 0 0 -25.7597 0 0 3.27708 0 0 25.7597 0 0 
-1.77249 0 0 -22.2351 0 0 3.5165 0 0 22.2351 0 0 
-1.9796 0 0 -19.261 0 0 3.7236 0 0 19.261 0 0 
-2.15897 0 0 -16.6651 0 0 3.90297 0 0 16.6651 0 0 
-2.31381 0 0 -14.3411 0 0 4.05781 0 0 14.3411 0 0 
-2.44646 0 0 -12.2181 0 0 4.19046 0 0 12.2181 0 0 
-2.55867 0 0 -10.2464 0 0 4.30267 0 0 10.2464 0 0 
-2.65177 0 0 -8.38941 0 0 4.39577 0 0 8.38941 0 0 
-2.72675 0 0 -6.61904 0 0 4.47075 0 0 6.61904 0 0 
-2.78436 0 0 -4.9128 0 0 4.52836 0 0 4.9128 0 0 
-2.82515 0 0 -3.25192 0 0 4.56916 0 0 3.25192 0 0 
-2.8495 0 0 -1.62008 0 0 4.5935 0 0 1.62008 0 0 
-2.8576 0 0 -0.00242297 0 0 4.6016 0 0 0.00242297 0 0 
-2.84954 0 0 1.61521 0 0 4.59355 0 0 -1.61521 0 0 
-2.82525 0 0 3.24699 0 0 4.56925 0 0 -3.24699 0 0 
-2.78451 0 0 4.90776 0 0 4.52851 0 0 -4.90776 0 0 
-2.72695 0 0 6.61384 0 0 4.47095 0 0 -6.61384 0 0 
-2.65202 0 0 8.38398 0 0 4.39602 0 0 -8.38398 0 0 
-2.55898 0 0 10.2407 0 0 4.30298 0 0 -10.2407 0 0 
-2.44682 0 0 12.212 0 0 4.19083 0 0 -12.212 0 0 
-2.31424 0 0 14.3345 0 0 4.05824 0 0 -14.3345 0 0 
-2.15947 0 0 16.6578 0 0 3.90347 0 0 -16.6578 0 0 
-1.98018 0 0 19.2527 0 0 3.72418 0 0 -19.2527 0 0 
-1.77316 0 0 22.2255 0 0 3.51716 0 0 -22.2255 0 0 
-1.53385 0 0 25.748 0 0 3.27785 0 0 -25.748 0 0 
-1.25539 0 0 30.1239 0 0 2.99939 0 0 -30.1239 0 0 
-0.926563 0 0 35.9672 0 0 2.67056 0 0 -35.9672 0 0 
-0.526332 0 0 44.8193 0 0 2.27033 0 0 -44.8193 0 0 
-0.24306 0 0 -53.1524 0 0 1.98706 0 0 53.1524 0 0 
-0.704435 0 0 -40.5672 0 0 2.44844 0 0 40.5672 0 0 
-1.07115 0 0 -33.2826 0 0 2.81515 0 0 33.2826 0 0 
-1.37713 0 0 -28.1623 0 0 3.12113 0 0 28.1623 0 0 
-1.63818 0 0 -24.1935 0 0 3.38218 0 0 24.1935 0 0 
-1.86332 0 0 -20.9279 0 0 3.60732 0 0 20.9279 0 0 
-2.05828 0 0 -18.1292 0 0 3.80229 0 0 18.1292 0 0 
-2.22699 0 0 -15.6583 0 0 3.97099 0 0 15.6583 0 0 
-2.37224 0 0 -13.4261 0 0 4.11625 0 0 13.4261 0 0 
-2.49611 0 0 -11.3719 0 0 4.24011 0 0 11.3719 0 0 
-2.60013 0 0 -9.4524 0 0 4.34413 0 0 9.4524 0 0 
-2.68549 0 0 -7.63493 0 0 4.42949 0 0 7.63493 0 0 
-2.75308 0 0 -5.89405 0 0 4.49708 0 0 5.89405 0 0 
-2.80356 0 0 -4.20903 0 0 4.54756 0 0 4.20903 0 0 
-2.83739 0 0 -2.56226 0 0 4.58139 0 0 2.56226 0 0 
-2.85488 0 0 -0.938145 0 0 4.59888 0 0 0.938145 0 0 
-2.85618 0 0 0.677795 0 0 4.60018 0 0 -0.677795 0 0 
-2.8413 0 0 2.29964 0 0 4.58531 0 0 -2.29964 0 0 
-2.81012 0 0 3.94174 0 0 4.55412 0 0 -3.94174 0 0 
-2.76235 0 0 5.61948 0 0 4.50635 0 0 -5.61948 0 0 
-2.69756 0 0 7.35007 0 0 4.44156 0 0 -7.35007 0 0 
-2.61511 0 0 9.15363 0 0 4.35911 0 0 -9.15363 0 0 
-2.51416 0 0 11.0547 0 0 4.25816 0 0 -11.0547 0 0 
-2.39358 0 0 13.0846 0 0 4.13759 0 0 -13.0846 0 0 
-2.2519 0 0 15.2846 0 0 3.9959 0 0 -15.2846 0 0 
-2.08714 0 0 17.712 0 0 3.83114 0 0 -17.712 0 0 
-1.89663 0 0 20.4502 0 0 3.64063 0 0 -20.4502 0 0 
-1.67667 0 0 23.6281 0 0 3.42068 0 0 -23.6281 0 0 
-1.4219 0 0 27.4612 0 0 3.1659 0 0 -27.4612 0 0 
-1.12398 0 0 32.35 0 0 2.86798 0 0 -32.35 0 0 
-0.768608 0 0 39.1688 0 0 2.51261 0 0 -39.1688 0 0 
-0.326405 0 0 50.447 0 0 2.07041 0 0 -50.447 0 0 
-0.45263 0 0 -46.7716 0 0 2.19663 0 0 46.7716 0 0 
-0.867735 0 0 -37.1231 0 0 2.61174 0 0 37.1231 0 0 
-1.20623 0 0 -30.9421 0 0 2.95023 0 0 30.9421 0 0 
-1.49189 0 0 -26.384 0 0 3.23589 0 0 26.384 0 0 
-1.73696 0 0 -22.7497 0 0 3.48096 0 0 22.7497 0 0 
-1.94882 0 0 -19.7023 0 0 3.69282 0 0 19.7023 0 0 
-2.13233 0 0 -17.055 0 0 3.87633 0 0 17.055 0 0 
-2.29087 0 0 -14.6934 0 0 4.03487 0 0 14.6934 0 0 
-2.4269 0 0 -12.5424 0 0 4.1709 0 0 12.5424 0 0 
-2.54224 0 0 -10.5495 0 0 4.28624 0 0 10.5495 0 0 
-2.63828 0 0 -8.67641 0 0 4.38229 0 0 8.67641 0 0 
-2.71607 0 0 -6.89397 0 0 4.46007 0 0 6.89397 0 0 
-2.77639 0 0 -5.17892 0 0 4.52039 0 0 5.17892 0 0 
-2.81981 0 0 -3.51201 0 0 4.56381 0 0 3.51201 0 0 
-2.84673 0 0 -1.8766 0 0 4.59074 0 0 1.8766 0 0 
-2.8574 0 0 -0.257652 0 0 4.6014 0 0 0.257652 0 0 
-2.85189 0 0 1.35906 0 0 4.5959 0 0 -1.35906 0 0 
-2.83018 0 0 2.98764 0 0 4.57418 0 0 -2.98764 0 0 
-2.79205 0 0 4.64279 0 0 4.53605 0 0 -4.64279 0 0 
-2.73718 0 0 6.34054 0 0 4.48118 0 0 -6.34054 0 0 
-2.66504 0 0 8.09917 0 0 4.40904 0 0 -8.09917 0 0 
-2.57492 0 0 9.94049 0 0 4.31892 0 0 -9.94049 0 0 
-2.46586 0 0 11.8915 0 0 4.20987 0 0 -11.8915 0 0 
-2.33661 0 0 13.9872 0 0 4.08061 0 0 -13.9872 0 0 
-2.18548 0 0 16.2748 0 0 3.92948 0 0 -16.2748 0 0 
-2.01025 0 0 18.8208 0 0 3.75426 0 0 -18.8208 0 0 
-1.80788 0 0 21.7247 0 0 3.55188 0 0 -21.7247 0 0 
-1.57405 0 0 25.1448 0 0 3.31805 0 0 -25.1448 0 0 
-1.30237 0 0 29.3565 0 0 3.04637 0 0 -29.3565 0 0 
-0.982542 0 0 34.9031 0 0 2.72654 0 0 -34.9031 0 0 
-0.595759 0 0 43.0902 0 0 2.33976 0 0 -43.0902 0 0 
-0.156702 0 0 -56.245 0 0 1.9007 0 0 56.245 0 0 
-0.639179 0 0 -42.057 0 0 2.38318 0 0 42.057 0 0 
-1.01781 0 0 -34.2492 0 0 2.76181 0 0 34.2492 0 0 
-1.33207 0 0 -28.8784 0 0 3.07607 0 0 28.8784 0 0 
-1.59951 0 0 -24.7657 0 0 3.34351 0 0 24.7657 0 0 
-1.82988 0 0 -21.4082 0 0 3.57388 0 0 21.4082 0 0 
-2.02931 0 0 -18.5468 0 0 3.77331 0 0 18.5468 0 0 
-2.20196 0 0 -16.031 0 0 3.94596 0 0 16.031 0 0 
-2.35076 0 0 -13.7656 0 0 4.09476 0 0 13.7656 0 0 
-2.47789 0 0 -11.6866 0 0 4.22189 0 0 11.6866 0 0 
-2.58496 0 0 -9.74816 0 0 4.32896 0 0 9.74816 0 0 
-2.67321 0 0 -7.91641 0 0 4.41721 0 0 7.91641 0 0 
-2.74356 0 0 -6.16491 0 0 4.48756 0 0 6.16491 0 0 
-2.7967 0 0 -4.47229 0 0 4.5407 0 0 4.47229 0 0 
-2.83314 0 0 -2.82056 0 0 4.57714 0 0 2.82056 0 0 
-2.8532 0 0 -1.19385 0 0 4.5972 0 0 1.19385 0 0 
-2.85705 0 0 0.422446 0 0 4.60105 0 0 -0.422446 0 0 
-2.84473 0 0 2.04241 0 0 4.58874 0 0 -2.04241 0 0 
-2.81614 0 0 3.68033 0 0 4.56014 0 0 -3.68033 0 0 
-2.77102 0 0 5.35135 0 0 4.51502 0 0 -5.35135 0 0 
-2.70895 0 0 7.07234 0 0 4.45295 0 0 -7.07234 0 0 
-2.62934 0 0 8.86287 0 0 4.37334 0 0 -8.86287 0 0 
-2.53138 0 0 10.7467 0 0 4.27538 0 0 -10.7467 0 0 
-2.414 0 0 12.7538 0 0 4.158 0 0 -12.7538 0 0 
-2.27576 0 0 14.9236 0 0 4.01977 0 0 -14.9236 0 0 
-2.1148 0 0 17.3104 0 0 3.8588 0 0 -17.3104 0 0 
-1.92858 0 0 19.9924 0 0 3.67258 0 0 -19.9924 0 0 
-1.71358 0 0 23.0894 0 0 3.45758 0 0 -23.0894 0 0 
-1.46476 0 0 26.7989 0 0 3.20877 0 0 -26.7989 0 0 
-1.1744 0 0 31.4809 0 0 2.9184 0 0 -31.4809 0 0 
-0.829478 0 0 37.8973 0 0 2.57348 0 0 -37.8973 0 0 
-0.40424 0 0 48.127 0 0 2.14824 0 0 -48.127 0 0 
-0.37707 0 0 -48.9163 0 0 2.12107 0 0 48.9163 0 0 
-0.808132 0 0 -38.3375 0 0 2.55213 0 0 38.3375 0 0 
-1.15668 0 0 -31.784 0 0 2.90069 0 0 31.784 0 0 
-1.44969 0 0 -27.0309 0 0 3.19369 0 0 27.0309 0 0 
-1.7006 0 0 -23.2786 0 0 3.4446 0 0 23.2786 0 0 
-1.91734 0 0 -20.1535 0 0 3.66134 0 0 20.1535 0 0 
-2.10507 0 0 -17.4519 0 0 3.84907 0 0 17.4519 0 0 
-2.26737 0 0 -15.051 0 0 4.01137 0 0 15.051 0 0 
-2.40682 0 0 -12.8706 0 0 4.15082 0 0 12.8706 0 0 
-2.52533 0 0 -10.8555 0 0 4.26933 0 0 10.8555 0 0 
-2.62435 0 0 -8.96566 0 0 4.36835 0 0 8.96566 0 0 
-2.70496 0 0 -7.17057 0 0 4.44896 0 0 7.17057 0 0 
-2.76799 0 0 -5.44624 0 0 4.512 0 0 5.44624 0 0 
-2.81406 0 0 -3.77289 0 0 4.55806 0 0 3.77289 0 0 
-2.84357 0 0 -2.13353 0 0 4.58757 0 0 2.13353 0 0 
-2.85679 0 0 -0.512936 0 0 4.60079 0 0 0.512936 0 0 
-2.85384 0 0 1.10319 0 0 4.59784 0 0 -1.10319 0 0 
-2.83469 0 0 2.72894 0 0 4.57869 0 0 -2.72894 0 0 
-2.79918 0 0 4.37887 0 0 4.54318 0 0 -4.37887 0 0 
-2.74698 0 0 6.06874 0 0 4.49098 0 0 -6.06874 0 0 
-2.67761 0 0 7.81642 0 0 4.42161 0 0 -7.81642 0 0 
-2.59039 0 0 9.64304 0 0 4.33439 0 0 -9.64304 0 0 
-2.4844 0 0 11.5747 0 0 4.2284 0 0 -11.5747 0 0 
-2.35844 0 0 13.6448 0 0 4.10244 0 0 -13.6448 0 0 
-2.2109 0 0 15.8982 0 0 3.9549 0 0 -15.8982 0 0 
-2.03966 0 0 18.3978 0 0 3.78366 0 0 -18.3978 0 0 
-1.84182 0 0 21.2366 0 0 3.58582 0 0 -21.2366 0 0 
-1.61332 0 0 24.5609 0 0 3.35732 0 0 -24.5609 0 0 
-1.34817 0 0 28.6212 0 0 3.09217 0 0 -28.6212 0 0 
-1.03689 0 0 33.9004 0 0 2.78089 0 0 -33.9004 0 0 
-0.662578 0 0 41.5145 0 0 2.40658 0 0 -41.5145 0 0 
-0.187872 0 0 55.0911 0 0 1.93187 0 0 -55.0911 0 0 
-0.571463 0 0 -43.684 0 0 2.31546 0 0 43.684 0 0 
-0.962893 0 0 -35.2728 0 0 2.70689 0 0 35.2728 0 0 
-1.28586 0 0 -29.6247 0 0 3.02986 0 0 29.6247 0 0 
-1.55991 0 0 -25.3563 0 0 3.30391 0 0 25.3563 0 0 
-1.79566 0 0 -21.9007 0 0 3.53967 0 0 21.9007 0 0 
-1.99967 0 0 -18.9729 0 0 3.74367 0 0 18.9729 0 0 
-2.17633 0 0 -16.4098 0 0 3.92033 0 0 16.4098 0 0 
-2.32874 0 0 -14.1098 0 0 4.07274 0 0 14.1098 0 0 
-2.45917 0 0 -12.0047 0 0 4.20318 0 0 12.0047 0 0 
-2.56932 0 0 -10.0466 0 0 4.31333 0 0 10.0466 0 0 
-2.66048 0 0 -8.19988 0 0 4.40448 0 0 8.19988 0 0 
-2.7336 0 0 -6.43723 0 0 4.4776 0 0 6.43723 0 0 
-2.78943 0 0 -4.73658 0 0 4.53343 0 0 4.73658 0 0 
-2.82848 0 0 -3.07948 0 0 4.57248 0 0 3.07948 0 0 
-2.85111 0 0 -1.44981 0 0 4.59511 0 0 1.44981 0 0 
-2.85752 0 0 0.167187 0 0 4.60152 0 0 -0.167187 0 0 
-2.84776 0 0 1.78564 0 0 4.59176 0 0 -1.78564 0 0 
-2.82175 0 0 3.41974 0 0 4.56575 0 0 -3.41974 0 0 
-2.77926 0 0 5.08447 0 0 4.52326 0 0 -5.08447 0 0 
-2.7199 0 0 6.79634 0 0 4.46391 0 0 -6.79634 0 0 
-2.64311 0 0 8.57444 0 0 4.38712 0 0 -8.57444 0 0 
-2.54812 0 0 10.4417 0 0 4.29212 0 0 -10.4417 0 0 
-2.43389 0 0 12.427 0 0 4.17789 0 0 -12.427 0 0 
-2.29906 0 0 14.568 0 0 4.04306 0 0 -14.568 0 0 
-2.14184 0 0 16.916 0 0 3.88584 0 0 -16.916 0 0 
-1.95981 0 0 19.5448 0 0 3.70381 0 0 -19.5448 0 0 
-1.74965 0 0 22.5657 0 0 3.49365 0 0 -22.5657 0 0 
-1.5066 0 0 26.1603 0 0 3.2506 0 0 -26.1603 0 0 
-1.22348 0 0 30.6531 0 0 2.96748 0 0 -30.6531 0 0 
-0.888409 0 0 36.7123 0 0 2.63241 0 0 -36.7123 0 0 
-0.478624 0 0 46.0683 0 0 2.22263 0 0 -46.0683 0 0 
-0.297906 0 0 -51.3444 0 0 2.04191 0 0 51.3444 0 0 
-0.746541 0 0 -39.6427 0 0 2.49054 0 0 39.6427 0 0 
-1.10577 0 0 -32.6687 0 0 2.84977 0 0 32.6687 0 0 
-1.40646 0 0 -27.7019 0 0 3.15046 0 0 27.7019 0 0 
-1.66339 0 0 -23.8228 0 0 3.40739 0 0 23.8228 0 0 
-1.88513 0 0 -20.615 0 0 3.62913 0 0 20.615 0 0 
-2.07718 0 0 -17.8562 0 0 3.82118 0 0 17.8562 0 0 
-2.2433 0 0 -15.4139 0 0 3.98731 0 0 15.4139 0 0 
-2.38622 0 0 -13.2029 0 0 4.13023 0 0 13.2029 0 0 
-2.50794 0 0 -11.1647 0 0 4.25194 0 0 11.1647 0 0 
-2.60995 0 0 -9.25726 0 0 4.35395 0 0 9.25726 0 0 
-2.69341 0 0 -7.44893 0 0 4.43741 0 0 7.44893 0 0 
-2.75918 0 0 -5.71483 0 0 4.50318 0 0 5.71483 0 0 
-2.80789 0 0 -4.0346 0 0 4.55189 0 0 4.0346 0 0 
-2.83999 0 0 -2.39092 0 0 4.58399 0 0 2.39092 0 0 
-2.85578 0 0 -0.768331 0 0 4.59978 0 0 0.768331 0 0 
-2.85538 0 0 0.847567 0 0 4.59938 0 0 -0.847567 0 0 
-2.8388 0 0 2.47085 0 0 4.5828 0 0 -2.47085 0 0 
-2.80589 0 0 4.11595 0 0 4.54989 0 0 -4.11595 0 0 
-2.75636 0 0 5.79839 0 0 4.50036 0 0 -5.79839 0 0 
-2.68974 0 0 7.53563 0 0 4.43374 0 0 -7.53563 0 0 
-2.60539 0 0 9.34819 0 0 4.3494 0 0 -9.34819 0 0 
-2.50244 0 0 11.2612 0 0 4.24644 0 0 -11.2612 0 0 
-2.37973 0 0 13.3068 0 0 4.12373 0 0 -13.3068 0 0 
-2.23572 0 0 15.5277 0 0 3.97973 0 0 -15.5277 0 0 
-2.0684 0 0 17.9832 0 0 3.8124 0 0 -17.9832 0 0 
-1.87499 0 0 20.7604 0 0 3.619 0 0 -20.7604 0 0 
-1.65167 0 0 23.9949 0 0 3.39568 0 0 -23.9949 0 0 
-1.39283 0 0 27.9153 0 0 3.13683 0 0 -27.9153 0 0 
-1.0897 0 0 32.9525 0 0 2.8337 0 0 -32.9525 0 0 
-0.727012 0 0 40.0681 0 0 2.47101 0 0 -40.0681 0 0 
-0.272547 0 0 52.1666 0 0 2.01655 0 0 -52.1666 0 0 
-0.501051 0 0 -45.4746 0 0 2.24505 0 0 45.4746 0 0 
-0.906311 0 0 -36.3606 0 0 2.65031 0 0 36.3606 0 0 
-1.23844 0 0 -30.4042 0 0 2.98244 0 0 30.4042 0 0 
-1.51937 0 0 -25.9667 0 0 3.26337 0 0 25.9667 0 0 
-1.76066 0 0 -22.4062 0 0 3.50467 0 0 22.4062 0 0 
-1.96935 0 0 -19.4079 0 0 3.71335 0 0 19.4079 0 0 
-2.1501 0 0 -16.7952 0 0 3.8941 0 0 16.7952 0 0 
-2.30617 0 0 -14.4587 0 0 4.05018 0 0 14.4587 0 0 
-2.43995 0 0 -12.3265 0 0 4.18395 0 0 12.3265 0 0 
-2.55321 0 0 -10.3477 0 0 4.29721 0 0 10.3477 0 0 
-2.64729 0 0 -8.48544 0 0 4.3913 0 0 8.48544 0 0 
-2.72321 0 0 -6.71108 0 0 4.46722 0 0 6.71108 0 0 
-2.78173 0 0 -5.00194 0 0 4.52574 0 0 5.00194 0 0 
-2.82341 0 0 -3.33908 0 0 4.56741 0 0 3.33908 0 0 
-2.84861 0 0 -1.70609 0 0 4.59262 0 0 1.70609 0 0 
-2.85758 0 0 -0.0880348 0 0 4.60158 0 0 0.0880348 0 0 
-2.85038 0 0 1.52925 0 0 4.59438 0 0 -1.52925 0 0 
-2.82695 0 0 3.15992 0 0 4.57095 0 0 -3.15992 0 0 
-2.78709 0 0 4.81875 0 0 4.53109 0 0 -4.81875 0 0 
-2.73043 0 0 6.52199 0 0 4.47443 0 0 -6.52199 0 0 
-2.65644 0 0 8.28821 0 0 4.40044 0 0 -8.28821 0 0 
-2.56438 0 0 10.1397 0 0 4.30838 0 0 -10.1397 0 0 
-2.45327 0 0 12.1041 0 0 4.19727 0 0 -12.1041 0 0 
-2.3218 0 0 14.2175 0 0 4.0658 0 0 -14.2175 0 0 
-2.16826 0 0 16.5286 0 0 3.91226 0 0 -16.5286 0 0 
-1.99034 0 0 19.1068 0 0 3.73434 0 0 -19.1068 0 0 
-1.78489 0 0 22.0561 0 0 3.5289 0 0 -22.0561 0 0 
-1.54744 0 0 25.5434 0 0 3.29144 0 0 -25.5434 0 0 
-1.27128 0 0 29.8628 0 0 3.01528 0 0 -29.8628 0 0 
-0.945528 0 0 35.603 0 0 2.68953 0 0 -35.603 0 0 
-0.549927 0 0 44.2204 0 0 2.29393 0 0 -44.2204 0 0 
-0.214631 0 0 -54.1352 0 0 1.95863 0 0 54.1352 0 0 
-0.682806 0 0 -41.053 0 0 2.42681 0 0 41.053 0 0 
-1.05343 0 0 -33.6009 0 0 2.79743 0 0 33.6009 0 0 
-1.36214 0 0 -28.3993 0 0 3.10614 0 0 28.3993 0 0 
-1.62531 0 0 -24.3835 0 0 3.36931 0 0 24.3835 0 0 
-1.85219 0 0 -21.0877 0 0 3.59619 0 0 21.0877 0 0 
-2.04864 0 0 -18.2684 0 0 3.79264 0 0 18.2684 0 0 
-2.21866 0 0 -15.7826 0 0 3.96266 0 0 15.7826 0 0 
-2.3651 0 0 -13.5395 0 0 4.1091 0 0 13.5395 0 0 
-2.49005 0 0 -11.4771 0 0 4.23405 0 0 11.4771 0 0 
-2.59509 0 0 -9.55132 0 0 4.3391 0 0 9.55132 0 0 
-2.68142 0 0 -7.72913 0 0 4.42542 0 0 7.72913 0 0 
-2.74994 0 0 -5.98475 0 0 4.49394 0 0 5.98475 0 0 
-2.80131 0 0 -4.29723 0 0 4.54531 0 0 4.29723 0 0 
-2.83601 0 0 -2.64884 0 0 4.58001 0 0 2.64884 0 0 
-2.85436 0 0 -1.02389 0 0 4.59836 0 0 1.02389 0 0 
-2.85652 0 0 0.592126 0 0 4.60052 0 0 -0.592126 0 0 
-2.8425 0 0 2.2133 0 0 4.5865 0 0 -2.2133 0 0 
-2.81219 0 0 3.85396 0 0 4.55619 0 0 -3.85396 0 0 
-2.76531 0 0 5.5294 0 0 4.50931 0 0 -5.5294 0 0 
-2.70143 0 0 7.25671 0 0 4.44543 0 0 -7.25671 0 0 
-2.61993 0 0 9.05583 0 0 4.36393 0 0 -9.05583 0 0 
-2.51999 0 0 10.9511 0 0 4.26399 0 0 -10.9511 0 0 
-2.40049 0 0 12.9732 0 0 4.14449 0 0 -12.9732 0 0 
-2.25997 0 0 15.1629 0 0 4.00397 0 0 -15.1629 0 0 
-2.09649 0 0 17.5765 0 0 3.84049 0 0 -17.5765 0 0 
-1.90743 0 0 20.2955 0 0 3.65143 0 0 -20.2955 0 0 
-1.68915 0 0 23.4457 0 0 3.43315 0 0 -23.4457 0 0 
-1.4364 0 0 27.2363 0 0 3.1804 0 0 -27.2363 0 0 
-1.14104 0 0 32.0536 0 0 2.88505 0 0 -32.0536 0 0 
-0.789251 0 0 38.7319 0 0 2.53325 0 0 -38.7319 0 0 
-0.352925 0 0 49.6358 0 0 2.09693 0 0 -49.6358 0 0 
-0.427659 0 0 -47.4633 0 0 2.17166 0 0 47.4633 0 0 
-0.847955 0 0 -37.5211 0 0 2.59196 0 0 37.5211 0 0 
-1.18976 0 0 -31.22 0 0 2.93376 0 0 31.22 0 0 
-1.47785 0 0 -26.5984 0 0 3.22185 0 0 26.5984 0 0 
-1.72485 0 0 -22.9254 0 0 3.46886 0 0 22.9254 0 0 
-1.93834 0 0 -19.8525 0 0 3.68234 0 0 19.8525 0 0 
-2.12325 0 0 -17.1873 0 0 3.86726 0 0 17.1873 0 0 
-2.28305 0 0 -14.8128 0 0 4.02705 0 0 14.8128 0 0 
-2.42022 0 0 -12.652 0 0 4.16422 0 0 12.652 0 0 
-2.53662 0 0 -10.6518 0 0 4.28063 0 0 10.6518 0 0 
-2.63366 0 0 -8.77318 0 0 4.37766 0 0 8.77318 0 0 
-2.71239 0 0 -6.98656 0 0 4.4564 0 0 6.98656 0 0 
-2.77362 0 0 -5.26846 0 0 4.51762 0 0 5.26846 0 0 
-2.81793 0 0 -3.59943 0 0 4.56193 0 0 3.59943 0 0 
-2.84572 0 0 -1.96274 0 0 4.58972 0 0 1.96274 0 0 
-2.85724 0 0 -0.343276 0 0 4.60124 0 0 0.343276 0 0 
-2.85259 0 0 1.2732 0 0 4.59659 0 0 -1.2732 0 0 
-2.83174 0 0 2.90079 0 0 4.57574 0 0 -2.90079 0 0 
-2.79449 0 0 4.55414 0 0 4.53849 0 0 -4.55414 0 0 
-2.74052 0 0 6.2492 0 0 4.48452 0 0 -6.2492 0 0 
-2.66931 0 0 8.0041 0 0 4.41331 0 0 -8.0041 0 0 
-2.58016 0 0 9.84041 0 0 4.32416 0 0 -9.84041 0 0 
-2.47214 0 0 11.7848 0 0 4.21614 0 0 -11.7848 0 0 
-2.34399 0 0 13.8718 0 0 4.08799 0 0 -13.8718 0 0 
-2.19407 0 0 16.1478 0 0 3.93808 0 0 -16.1478 0 0 
-2.02019 0 0 18.678 0 0 3.76419 0 0 -18.678 0 0 
-1.81935 0 0 21.5596 0 0 3.56335 0 0 -21.5596 0 0 
-1.58733 0 0 24.9468 0 0 3.33133 0 0 -24.9468 0 0 
-1.31786 0 0 29.1065 0 0 3.06187 0 0 -29.1065 0 0 
-1.00095 0 0 34.5602 0 0 2.74495 0 0 -34.5602 0 0 
-0.618451 0 0 42.5458 0 0 2.36245 0 0 -42.5458 0 0 
-0.128882 0 0 57.3142 0 0 1.87288 0 0 -57.3142 0 0 
-0.616749 0 0 -42.5863 0 0 2.36075 0 0 42.5863 0 0 
-0.999566 0 0 -34.5859 0 0 2.74357 0 0 34.5859 0 0 
-1.3167 0 0 -29.1252 0 0 3.0607 0 0 29.1252 0 0 
-1.58633 0 0 -24.9617 0 0 3.33033 0 0 24.9617 0 0 
-1.81849 0 0 -21.572 0 0 3.56249 0 0 21.572 0 0 
-2.01944 0 0 -18.6887 0 0 3.76345 0 0 18.6887 0 0 
-2.19343 0 0 -16.1573 0 0 3.93743 0 0 16.1573 0 0 
-2.34344 0 0 -13.8805 0 0 4.08744 0 0 13.8805 0 0 
-2.47167 0 0 -11.7929 0 0 4.21567 0 0 11.7929 0 0 
-2.57977 0 0 -9.84796 0 0 4.32377 0 0 9.84796 0 0 
-2.66899 0 0 -8.01127 0 0 4.41299 0 0 8.01127 0 0 
-2.74026 0 0 -6.25609 0 0 4.48427 0 0 6.25609 0 0 
-2.79431 0 0 -4.56083 0 0 4.53831 0 0 4.56083 0 0 
-2.83162 0 0 -2.90734 0 0 4.57562 0 0 2.90734 0 0 
-2.85254 0 0 -1.27968 0 0 4.59654 0 0 1.27968 0 0 
-2.85725 0 0 0.336813 0 0 4.60125 0 0 -0.336813 0 0 
-2.84579 0 0 1.95623 0 0 4.5898 0 0 -1.95623 0 0 
-2.81807 0 0 3.59283 0 0 4.56207 0 0 -3.59283 0 0 
-2.77383 0 0 5.26169 0 0 4.51783 0 0 -5.26169 0 0 
-2.71267 0 0 6.97957 0 0 4.45667 0 0 -6.97957 0 0 
-2.63401 0 0 8.76587 0 0 4.37801 0 0 -8.76587 0 0 
-2.53705 0 0 10.6441 0 0 4.28105 0 0 -10.6441 0 0 
-2.42073 0 0 12.6437 0 0 4.16473 0 0 -12.6437 0 0 
-2.28364 0 0 14.8037 0 0 4.02764 0 0 -14.8037 0 0 
-2.12394 0 0 17.1773 0 0 3.86794 0 0 -17.1773 0 0 
-1.93913 0 0 19.8411 0 0 3.68313 0 0 -19.8411 0 0 
-1.72577 0 0 22.9121 0 0 3.46977 0 0 -22.9121 0 0 
-1.47891 0 0 26.5822 0 0 3.22291 0 0 -26.5822 0 0 
-1.19101 0 0 31.1989 0 0 2.93501 0 0 -31.1989 0 0 
-0.849455 0 0 37.4908 0 0 2.59346 0 0 -37.4908 0 0 
-0.429556 0 0 47.4101 0 0 2.17356 0 0 -47.4101 0 0 
-0.350939 0 0 -49.6958 0 0 2.09494 0 0 49.6958 0 0 
-0.787701 0 0 -38.7645 0 0 2.5317 0 0 38.7645 0 0 
-1.13976 0 0 -32.0758 0 0 2.88376 0 0 32.0758 0 0 
-1.43531 0 0 -27.2532 0 0 3.17931 0 0 27.2532 0 0 
-1.68821 0 0 -23.4594 0 0 3.43221 0 0 23.4594 0 0 
-1.90661 0 0 -20.3071 0 0 3.65062 0 0 20.3071 0 0 
-2.09578 0 0 -17.5867 0 0 3.83979 0 0 17.5867 0 0 
-2.25936 0 0 -15.1721 0 0 4.00336 0 0 15.1721 0 0 
-2.39997 0 0 -12.9816 0 0 4.14397 0 0 12.9816 0 0 
-2.51955 0 0 -10.9589 0 0 4.26355 0 0 10.9589 0 0 
-2.61957 0 0 -9.06321 0 0 4.36357 0 0 9.06321 0 0 
-2.70114 0 0 -7.26375 0 0 4.44514 0 0 7.26375 0 0 
-2.76508 0 0 -5.53619 0 0 4.50909 0 0 5.53619 0 0 
-2.81203 0 0 -3.86058 0 0 4.55603 0 0 3.86058 0 0 
-2.84241 0 0 -2.21981 0 0 4.58641 0 0 2.21981 0 0 
-2.85649 0 0 -0.598591 0 0 4.6005 0 0 0.598591 0 0 
-2.8544 0 0 1.01742 0 0 4.5984 0 0 -1.01742 0 0 
-2.83612 0 0 2.6423 0 0 4.58012 0 0 -2.6423 0 0 
-2.80148 0 0 4.29057 0 0 4.54548 0 0 -4.29057 0 0 
-2.75017 0 0 5.9779 0 0 4.49418 0 0 -5.9779 0 0 
-2.68173 0 0 7.72202 0 0 4.42573 0 0 -7.72202 0 0 
-2.59548 0 0 9.54385 0 0 4.33948 0 0 -9.54385 0 0 
-2.49051 0 0 11.4691 0 0 4.23451 0 0 -11.4691 0 0 
-2.36564 0 0 13.5309 0 0 4.10964 0 0 -13.5309 0 0 
-2.21929 0 0 15.7732 0 0 3.96329 0 0 -15.7732 0 0 
-2.04937 0 0 18.2578 0 0 3.79337 0 0 -18.2578 0 0 
-1.85303 0 0 21.0756 0 0 3.59703 0 0 -21.0756 0 0 
-1.62628 0 0 24.3691 0 0 3.37029 0 0 -24.3691 0 0 
-1.36327 0 0 28.3813 0 0 3.10728 0 0 -28.3813 0 0 
-1.05477 0 0 33.5766 0 0 2.79877 0 0 -33.5766 0 0 
-0.684448 0 0 41.0159 0 0 2.42845 0 0 -41.0159 0 0 
-0.216795 0 0 54.0592 0 0 1.9608 0 0 -54.0592 0 0 
-0.548157 0 0 -44.2649 0 0 2.29216 0 0 44.2649 0 0 
-0.944104 0 0 -35.6302 0 0 2.68811 0 0 35.6302 0 0 
-1.27009 0 0 -29.8823 0 0 3.01409 0 0 29.8823 0 0 
-1.54642 0 0 -25.5588 0 0 3.29042 0 0 25.5588 0 0 
-1.78401 0 0 -22.0688 0 0 3.52801 0 0 22.0688 0 0 
-1.98958 0 0 -19.1178 0 0 3.73358 0 0 19.1178 0 0 
-2.1676 0 0 -16.5383 0 0 3.9116 0 0 16.5383 0 0 
-2.32123 0 0 -14.2263 0 0 4.06523 0 0 14.2263 0 0 
-2.45278 0 0 -12.1122 0 0 4.19678 0 0 12.1122 0 0 
-2.56397 0 0 -10.1473 0 0 4.30797 0 0 10.1473 0 0 
-2.6561 0 0 -8.29543 0 0 4.40011 0 0 8.29543 0 0 
-2.73016 0 0 -6.52891 0 0 4.47417 0 0 6.52891 0 0 
-2.78689 0 0 -4.82547 0 0 4.53089 0 0 4.82547 0 0 
-2.82682 0 0 -3.16648 0 0 4.57082 0 0 3.16648 0 0 
-2.85032 0 0 -1.53574 0 0 4.59432 0 0 1.53574 0 0 
-2.85758 0 0 0.0815735 0 0 4.60158 0 0 -0.0815735 0 0 
-2.84868 0 0 1.69959 0 0 4.59268 0 0 -1.69959 0 0 
-2.82354 0 0 3.3325 0 0 4.56754 0 0 -3.3325 0 0 
-2.78193 0 0 4.99521 0 0 4.52594 0 0 -4.99521 0 0 
-2.72348 0 0 6.70413 0 0 4.46748 0 0 -6.70413 0 0 
-2.64763 0 0 8.47818 0 0 4.39164 0 0 -8.47818 0 0 
-2.55363 0 0 10.3401 0 0 4.29763 0 0 -10.3401 0 0 
-2.44045 0 0 12.3183 0 0 4.18445 0 0 -12.3183 0 0 
-2.30675 0 0 14.4498 0 0 4.05075 0 0 -14.4498 0 0 
-2.15077 0 0 16.7853 0 0 3.89477 0 0 -16.7853 0 0 
-1.97013 0 0 19.3968 0 0 3.71413 0 0 -19.3968 0 0 
-1.76156 0 0 22.3932 0 0 3.50556 0 0 -22.3932 0 0 
-1.52041 0 0 25.951 0 0 3.26441 0 0 -25.951 0 0 
-1.23965 0 0 30.384 0 0 2.98366 0 0 -30.384 0 0 
-0.907765 0 0 36.3322 0 0 2.65177 0 0 -36.3322 0 0 
-0.502869 0 0 45.427 0 0 2.24687 0 0 -45.427 0 0 
-0.270459 0 0 -52.2353 0 0 2.01446 0 0 52.2353 0 0 
-0.725409 0 0 -40.1032 0 0 2.46941 0 0 40.1032 0 0 
-1.08838 0 0 -32.9759 0 0 2.83238 0 0 32.9759 0 0 
-1.39171 0 0 -27.9328 0 0 3.13571 0 0 27.9328 0 0 
-1.65071 0 0 -24.009 0 0 3.39472 0 0 24.009 0 0 