Unnamed
0 0 0 6 5 0 
0.0578601 0.0477383 0 5.58242 4.55737 0 
0.111839 0.0913257 0 5.22192 4.16812 0 
0.162453 0.131245 0 4.90787 3.8223 0 
0.210123 0.16789 0 4.63199 3.51209 0 
0.255199 0.201585 0 4.38785 3.23145 0 
0.297969 0.232602 0 4.17037 2.97561 0 
0.338681 0.261167 0 3.9755 2.74076 0 
0.377544 0.287476 0 3.79998 2.52381 0 
0.414736 0.311695 0 3.64112 2.32225 0 
0.450414 0.333966 0 3.49672 2.13399 0 
0.484713 0.354413 0 3.36492 1.95729 0 
0.517749 0.373145 0 3.24418 1.79072 0 
0.549629 0.390257 0 3.13318 1.63302 0 
0.580442 0.405832 0 3.03081 1.48316 0 
0.61027 0.419943 0 2.93609 1.34024 0 
0.639187 0.432657 0 2.8482 1.20348 0 
0.667255 0.444031 0 2.7664 1.07222 0 
0.694533 0.454118 0 2.69006 0.945885 0 
0.721072 0.462964 0 2.61862 0.823963 0 
0.74692 0.470611 0 2.55157 0.70602 0 
0.772117 0.477096 0 2.48849 0.591674 0 
0.796701 0.482455 0 2.42897 0.480592 0 
0.820707 0.486718 0 2.37265 0.372484 0 
0.844164 0.489914 0 2.31921 0.267097 0 
0.8671 0.492068 0 2.26837 0.164215 0 
0.889539 0.493206 0 2.21985 0.0636508 0 
0.911504 0.493348 0 2.17343 -0.0347556 0 
0.933014 0.492517 0 2.12887 -0.131138 0 
0.954087 0.490732 0 2.08599 -0.225609 0 
0.974739 0.488011 0 2.0446 -0.318259 0 
0.994983 0.484373 0 2.00453 -0.40916 0 
1.01483 0.479834 0 1.96564 -0.498369 0 
1.0343 0.474411 0 1.92779 -0.585927 0 
1.05339 0.468121 0 1.89086 -0.671861 0 
1.07212 0.460979 0 1.85474 -0.75619 0 
1.09049 0.453002 0 1.81934 -0.838919 0 
1.10851 0.444206 0 1.78458 -0.920049 0 
1.12618 0.434606 0 1.75037 -0.999572 0 
1.14352 0.42422 0 1.71667 -1.07748 0 
1.16052 0.413062 0 1.68341 -1.15375 0 
1.17719 0.40115 0 1.65055 -1.22836 0 
1.19353 0.388501 0 1.61805 -1.30131 0 
1.20955 0.37513 0 1.58589 -1.37257 0 
1.22525 0.361055 0 1.55404 -1.44211 0 
1.24063 0.346293 0 1.52249 -1.50993 0 
1.2557 0.330862 0 1.49122 -1.57601 0 
1.27046 0.314779 0 1.46023 -1.64033 0 
1.2849 0.298061 0 1.42951 -1.70289 0 
1.29905 0.280727 0 1.39907 -1.76368 0 
1.31289 0.262794 0 1.36891 -1.82269 0 
1.32643 0.244279 0 1.33903 -1.87993 0 
1.33967 0.225201 0 1.30944 -1.9354 0 
1.35262 0.205577 0 1.28015 -1.98911 0 
1.36527 0.185425 0 1.25117 -2.04107 0 
1.37764 0.164761 0 1.22252 -2.09129 0 
1.38972 0.143605 0 1.19419 -2.1398 0 
1.40153 0.121971 0 1.16621 -2.18661 0 
1.41305 0.099878 0 1.13858 -2.23174 0 
1.4243 0.0773418 0 1.11132 -2.27523 0 
1.43528 0.0543788 0 1.08444 -2.31709 0 
1.44599 0.0310052 0 1.05794 -2.35737 0 
1.45644 0.00723656 0 1.03184 -2.3961 0 
1.46663 -0.0169117 0 1.00615 -2.4333 0 
1.47656 -0.0414246 0 0.980865 -2.46902 0 
1.48625 -0.0662873 0 0.956005 -2.5033 0 
1.49568 -0.0914858 0 0.931573 -2.53616 0 
1.50488 -0.117006 0 0.907575 -2.56766 0 
1.51384 -0.142835 0 0.884014 -2.59782 0 
1.52256 -0.168958 0 0.860897 -2.6267 0 
1.53106 -0.195364 0 0.838225 -2.65433 0 
1.53933 -0.222041 0 0.816 -2.68074 0 
1.54738 -0.248975 0 0.794226 -2.70599 0 
1.55521 -0.276157 0 0.772901 -2.73012 0 
1.56284 -0.303574 0 0.752026 -2.75315 0 
1.57025 -0.331216 0 0.7316 -2.77513 0 
1.57747 -0.359073 0 0.711623 -2.79611 0 
1.58449 -0.387135 0 0.692091 -2.81611 0 
1.59131 -0.415392 0 0.673002 -2.83518 0 
1.59795 -0.443836 0 0.654353 -2.85335 0 
1.6044 -0.472457 0 0.636141 -2.87066 0 
1.61067 -0.501246 0 0.61836 -2.88715 0 
1.61677 -0.530197 0 0.601006 -2.90284 0 
1.6227 -0.559301 0 0.584075 -2.91778 0 
1.62845 -0.58855 0 0.567561 -2.93199 0 
1.63405 -0.617938 0 0.551458 -2.9455 0 
1.63948 -0.647458 0 0.53576 -2.95835 0 
1.64476 -0.677103 0 0.520461 -2.97057 0 
1.64989 -0.706867 0 0.505554 -2.98218 0 
1.65488 -0.736745 0 0.491034 -2.99321 0 
1.65972 -0.766729 0 0.476892 -3.00368 0 
1.66442 -0.796816 0 0.463122 -3.01363 0 
1.66898 -0.827 0 0.449718 -3.02308 0 
1.67341 -0.857277 0 0.436671 -3.03205 0 
1.67771 -0.88764 0 0.423975 -3.04056 0 
1.68189 -0.918086 0 0.411623 -3.04864 0 
1.68595 -0.948611 0 0.399607 -3.05631 0 
1.68989 -0.979211 0 0.387919 -3.06358 0 
1.69371 -1.00988 0 0.376553 -3.07047 0 
1.69742 -1.04062 0 0.365502 -3.07701 0 
1.70102 -1.07142 0 0.354758 -3.08321 0 
1.70451 -1.10228 0 0.344313 -3.08909 0 
1.70791 -1.1332 0 0.334162 -3.09466 0 
1.7112 -1.16417 0 0.324296 -3.09994 0 
1.71439 -1.1952 0 0.314709 -3.10495 0 
1.71749 -1.22627 0 0.305395 -3.10969 0 
1.7205 -1.25739 0 0.296345 -3.11418 0 
1.72342 -1.28856 0 0.287554 -3.11844 0 
1.72625 -1.31976 0 0.279014 -3.12247 0 
1.729 -1.351 0 0.270721 -3.12628 0 
1.73167 -1.38229 0 0.262666 -3.1299 0 
1.73426 -1.4136 0 0.254843 -3.13332 0 
1.73677 -1.44495 0 0.247247 -3.13656 0 
1.7392 -1.47633 0 0.239872 -3.13963 0 
1.74156 -1.50774 0 0.232712 -3.14254 0 
1.74386 -1.53918 0 0.22576 -3.14529 0 
1.74608 -1.57065 0 0.219011 -3.14789 0 
1.74824 -1.60214 0 0.212459 -3.15035 0 
1.75033 -1.63366 0 0.2061 -3.15269 0 
1.75236 -1.66519 0 0.199928 -3.15489 0 
1.75433 -1.69675 0 0.193937 -3.15698 0 
1.75624 -1.72833 0 0.188123 -3.15895 0 
1.75809 -1.75993 0 0.18248 -3.16082 0 
1.75989 -1.79155 0 0.177004 -3.16259 0 
1.76163 -1.82318 0 0.17169 -3.16426 0 
1.76332 -1.85483 0 0.166533 -3.16584 0 
1.76496 -1.8865 0 0.161529 -3.16734 0 
1.76655 -1.91818 0 0.156674 -3.16876 0 
1.7681 -1.94987 0 0.151963 -3.17009 0 
1.76959 -1.98158 0 0.147392 -3.17136 0 
1.77105 -2.0133 0 0.142957 -3.17256 0 
1.77245 -2.04503 0 0.138655 -3.17369 0 
1.77382 -2.07678 0 0.13448 -3.17476 0 
1.77514 -2.10853 0 0.130431 -3.17577 0 
1.77643 -2.14029 0 0.126502 -3.17673 0 
1.77767 -2.17206 0 0.12269 -3.17763 0 
1.77888 -2.20384 0 0.118993 -3.17849 0 
1.78005 -2.23563 0 0.115406 -3.1793 0 
1.78119 -2.26743 0 0.111927 -3.18006 0 
1.78229 -2.29923 0 0.108552 -3.18079 0 
1.78336 -2.33104 0 0.105278 -3.18147 0 
1.7844 -2.36286 0 0.102102 -3.18211 0 
1.7854 -2.39469 0 0.0990219 -3.18272 0 
1.78638 -2.42652 0 0.096034 -3.1833 0 
1.78733 -2.45835 0 0.0931358 -3.18385 0 
1.78824 -2.49019 0 0.0903247 -3.18436 0 
1.78913 -2.52204 0 0.0875981 -3.18485 0 
1.79 -2.55389 0 0.0849534 -3.18531 0 
1.79083 -2.58575 0 0.0823883 -3.18574 0 
1.79164 -2.61761 0 0.0799004 -3.18616 0 
1.79243 -2.64947 0 0.0774874 -3.18654 0 
1.79319 -2.68134 0 0.075147 -3.18691 0 
1.79393 -2.71321 0 0.072877 -3.18726 0 
1.79465 -2.74508 0 0.0706755 -3.18759 0 
1.79535 -2.77696 0 0.0685403 -3.1879 0 
1.79602 -2.80884 0 0.0664694 -3.18819 0 
1.79668 -2.84072 0 0.0644609 -3.18846 0 
1.79731 -2.87261 0 0.062513 -3.18873 0 
1.79793 -2.9045 0 0.0606238 -3.18897 0 
1.79852 -2.93639 0 0.0587916 -3.18921 0 
1.7991 -2.96828 0 0.0570147 -3.18943 0 
1.79966 -3.00018 0 0.0552914 -3.18963 0 
1.80021 -3.03207 0 0.0536201 -3.18983 0 
1.80074 -3.06397 0 0.0519992 -3.19002 0 
1.80125 -3.09587 0 0.0504272 -3.19019 0 
1.80175 -3.12778 0 0.0489027 -3.19036 0 
1.80223 -3.15968 0 0.0474242 -3.19051 0 
1.80269 -3.19159 0 0.0459904 -3.19066 0 
1.80315 -3.22349 0 0.0445999 -3.1908 0 
1.80359 -3.2554 0 0.0432513 -3.19093 0 
1.80401 -3.28731 0 0.0419435 -3.19106 0 
1.80443 -3.31922 0 0.0406752 -3.19118 0 
1.80483 -3.35114 0 0.0394452 -3.19129 0 
1.80521 -3.38305 0 0.0382523 -3.19139 0 
1.80559 -3.41496 0 0.0370956 -3.19149 0 
1.80596 -3.44688 0 0.0359737 -3.19158 0 
1.80631 -3.4788 0 0.0348858 -3.19167 0 
1.80665 -3.51071 0 0.0338307 -3.19176 0 
1.80699 -3.54263 0 0.0328075 -3.19183 0 
1.80731 -3.57455 0 0.0318153 -3.19191 0 
1.80762 -3.60647 0 0.030853 -3.19198 0 
1.80793 -3.63839 0 0.0299198 -3.19205 0 
1.80822 -3.67031 0 0.0290149 -3.19211 0 
1.80851 -3.70223 0 0.0281373 -3.19217 0 
1.80879 -3.73415 0 0.0272862 -3.19222 0 
1.80905 -3.76608 0 0.0264608 -3.19228 0 
1.80931 -3.798 0 0.0256605 -3.19233 0 
1.80957 -3.82992 0 0.0248843 -3.19237 0 
1.80981 -3.86185 0 0.0241315 -3.19242 0 
1.81005 -3.89377 0 0.0234016 -3.19246 0 
1.81028 -3.9257 0 0.0226937 -3.1925 0 
1.8105 -3.95762 0 0.0220072 -3.19254 0 
1.81072 -3.98955 0 0.0213415 -3.19257 0 
1.81093 -4.02147 0 0.0206959 -3.19261 0 
1.81113 -4.0534 0 0.0200698 -3.19264 0 
1.81133 -4.08532 0 0.0194627 -3.19267 0 
1.81152 -4.11725 0 0.0188739 -3.19269 0 
1.81171 -4.14918 0 0.018303 -3.19272 0 
1.81189 -4.18111 0 0.0177493 -3.19275 0 
1.81207 -4.21303 0 0.0172123 -3.19277 0 
1.81223 -4.24496 0 0.0166916 -3.19279 0 
1.8124 -4.27689 0 0.0161867 -3.19281 0 
1.81256 -4.30882 0 0.015697 -3.19283 0 
1.81271 -4.34075 0 0.0152221 -3.19285 0 
1.81286 -4.37267 0 0.0147616 -3.19287 0 
1.81301 -4.4046 0 0.014315 -3.19289 0 
1.81315 -4.43653 0 0.0138819 -3.1929 0 
1.81329 -4.46846 0 0.013462 -3.19292 0 
1.81342 -4.50039 0 0.0130547 -3.19293 0 
1.81355 -4.53232 0 0.0126598 -3.19294 0 
1.81367 -4.56425 0 0.0122768 -3.19296 0 
1.81379 -4.59618 0 0.0119053 -3.19297 0 
1.81391 -4.62811 0 0.0115452 -3.19298 0 
1.81402 -4.66004 0 0.0111959 -3.19299 0 
1.81413 -4.69197 0 0.0108572 -3.193 0 
1.81424 -4.7239 0 0.0105287 -3.19301 0 
1.81434 -4.75583 0 0.0102102 -3.19302 0 
1.81445 -4.78776 0 0.00990126 -3.19303 0 
1.81454 -4.81969 0 0.0096017 -3.19303 0 
1.81464 -4.85162 0 0.00931121 -3.19304 0 
1.81473 -4.88355 0 0.00902951 -3.19305 0 
1.81482 -4.91548 0 0.00875633 -3.19306 0 
1.8149 -4.94741 0 0.00849141 -3.19306 0 
1.81499 -4.97934 0 0.00823451 -3.19307 0 
1.81507 -5.01127 0 0.00798538 -3.19307 0 
1.81515 -5.0432 0 0.00774379 -3.19308 0 
1.81522 -5.07513 0 0.0075095 -3.19308 0 
1.8153 -5.10707 0 0.00728231 -3.19309 0 
1.81537 -5.139 0 0.00706198 -3.19309 0 
1.81544 -5.17093 0 0.00684833 -3.1931 0 
1.81551 -5.20286 0 0.00664113 -3.1931 0 
1.81557 -5.23479 0 0.00644021 -3.1931 0 
1.81564 -5.26672 0 0.00624536 -3.19311 0 
1.8157 -5.29865 0 0.00605641 -3.19311 0 
1.81576 -5.33058 0 0.00587317 -3.19311 0 
1.81581 -5.36251 0 0.00569548 -3.19312 0 
1.81587 -5.39444 0 0.00552317 -3.19312 0 
1.81592 -5.42638 0 0.00535606 -3.19312 0 
1.81598 -5.45831 0 0.00519402 -3.19313 0 
1.81603 -5.49024 0 0.00503687 -3.19313 0 
1.81608 -5.52217 0 0.00488448 -3.19313 0 
1.81613 -5.5541 0 0.0047367 -3.19313 0 
1.81617 -5.58603 0 0.00459339 -3.19313 0 
1.81622 -5.61796 0 0.00445442 -3.19314 0 
1.81626 -5.64989 0 0.00431965 -3.19314 0 
1.8163 -5.68183 0 0.00418896 -3.19314 0 
1.81635 -5.71376 0 0.00406223 -3.19314 0 
1.81639 -5.74569 0 0.00393932 -3.19314 0 
1.81642 -5.77762 0 0.00382014 -3.19314 0 
1.81646 -5.80955 0 0.00370456 -3.19314 0 
1.8165 -5.84148 0 0.00359248 -3.19315 0 
1.81653 -5.87341 0 0.00348379 -3.19315 0 
1.81657 -5.90535 0 0.00337839 -3.19315 0 
1.8166 -5.93728 0 0.00327617 -3.19315 0 
1.81663 -5.96921 0 0.00317705 -3.19315 0 
1.81667 -6.00114 0 0.00308093 -3.19315 0 
1.8167 -6.03307 0 0.00298772 -3.19315 0 
1.81672 -6.065 0 0.00289732 -3.19315 0 
1.81675 -6.09694 0 0.00280966 -3.19315 0 
1.81678 -6.12887 0 0.00272466 -3.19315 0 
1.81681 -6.1608 0 0.00264222 -3.19315 0 
1.81683 -6.19273 0 0.00256228 -3.19316 0 
1.81686 -6.22466 0 0.00248476 -3.19316 0 
1.81688 -6.25659 0 0.00240958 -3.19316 0 
1.81691 -6.28852 0 0.00233668 -3.19316 0 
1.81693 -6.32046 0 0.00226598 -3.19316 0 
1.81695 -6.35239 0 0.00219743 -3.19316 0 
1.81697 -6.38432 0 0.00213094 -3.19316 0 
1.817 -6.41625 0 0.00206647 -3.19316 0 
1.81702 -6.44818 0 0.00200395 -3.19316 0 
1.81704 -6.48011 0 0.00194332 -3.19316 0 
1.81705 -6.51205 0 0.00188452 -3.19316 0 
1.81707 -6.54398 0 0.00182751 -3.19316 0 
1.81709 -6.57591 0 0.00177222 -3.19316 0 
1.81711 -6.60784 0 0.0017186 -3.19316 0 
1.81713 -6.63977 0 0.0016666 -3.19316 0 
1.81714 -6.6717 0 0.00161618 -3.19316 0 
1.81716 -6.70364 0 0.00156728 -3.19316 0 
1.81717 -6.73557 0 0.00151986 -3.19316 0 
1.81719 -6.7675 0 0.00147388 -3.19316 0 
1.8172 -6.79943 0 0.00142929 -3.19316 0 
1.81722 -6.83136 0 0.00138604 -3.19316 0 
1.81723 -6.86329 0 0.00134411 -3.19316 0 
1.81724 -6.89523 0 0.00130344 -3.19316 0 
1.81726 -6.92716 0 0.00126401 -3.19316 0 
1.81727 -6.95909 0 0.00122576 -3.19316 0 
1.81728 -6.99102 0 0.00118868 -3.19316 0 
1.81729 -7.02295 0 0.00115271 -3.19316 0 
1.8173 -7.05488 0 0.00111784 -3.19316 0 
1.81732 -7.08682 0 0.00108402 -3.19316 0 
1.81733 -7.11875 0 0.00105122 -3.19316 0 
1.81734 -7.15068 0 0.00101942 -3.19316 0 
1.81735 -7.18261 0 0.000988573 -3.19316 0 
1.81736 -7.21454 0 0.000958664 -3.19316 0 
1.81737 -7.24647 0 0.000929659 -3.19316 0 
1.81737 -7.2784 0 0.000901532 -3.19316 0 
1.81738 -7.31034 0 0.000874256 -3.19316 0 
1.81739 -7.34227 0 0.000847805 -3.19316 0 
1.8174 -7.3742 0 0.000822155 -3.19316 0 
1.81741 -7.40613 0 0.00079728 -3.19317 0 
1.81742 -7.43806 0 0.000773158 -3.19317 0 
1.81742 -7.46999 0 0.000749766 -3.19317 0 
1.81743 -7.50193 0 0.000727082 -3.19317 0 
1.81744 -7.53386 0 0.000705084 -3.19317 0 
1.81745 -7.56579 0 0.000683752 -3.19317 0 
1.81745 -7.59772 0 0.000663065 -3.19317 0 
1.81746 -7.62965 0 0.000643003 -3.19317 0 
1.81746 -7.66158 0 0.000623549 -3.19317 0 
1.81747 -7.69352 0 0.000604684 -3.19317 0 
1.81748 -7.72545 0 0.000586389 -3.19317 0 
1.81748 -7.75738 0 0.000568648 -3.19317 0 
1.81749 -7.78931 0 0.000551443 -3.19317 0 
1.81749 -7.82124 0 0.000534759 -3.19317 0 
1.8175 -7.85317 0 0.00051858 -3.19317 0 
1.8175 -7.88511 0 0.00050289 -3.19317 0 
1.81751 -7.91704 0 0.000487675 -3.19317 0 
1.81751 -7.94897 0 0.00047292 -3.19317 0 
1.81752 -7.9809 0 0.000458612 -3.19317 0 
1.81752 -8.01283 0 0.000444737 -3.19317 0 
1.81753 -8.04476 0 0.000431281 -3.19317 0 
1.81753 -8.0767 0 0.000418233 -3.19317 0 
1.81754 -8.10863 0 0.000405579 -3.19317 0 
1.81754 -8.14056 0 0.000393308 -3.19317 0 
1.81754 -8.17249 0 0.000381408 -3.19317 0 
1.81755 -8.20442 0 0.000369869 -3.19317 0 
1.81755 -8.23635 0 0.000358678 -3.19317 0 
1.81755 -8.26829 0 0.000347826 -3.19317 0 
1.81756 -8.30022 0 0.000337303 -3.19317 0 
1.81756 -8.33215 0 0.000327098 -3.19317 0 
1.81756 -8.36408 0 0.000317201 -3.19317 0 
1.81757 -8.39601 0 0.000307604 -3.19317 0 
1.81757 -8.42794 0 0.000298298 -3.19317 0 
1.81757 -8.45988 0 0.000289273 -3.19317 0 
1.81758 -8.49181 0 0.000280521 -3.19317 0 
1.81758 -8.52374 0 0.000272033 -3.19317 0 
1.81758 -8.55567 0 0.000263803 -3.19317 0 
1.81758 -8.5876 0 0.000255822 -3.19317 0 
1.81759 -8.61953 0 0.000248082 -3.19317 0 
1.81759 -8.65147 0 0.000240576 -3.19317 0 
1.81759 -8.6834 0 0.000233297 -3.19317 0 
1.81759 -8.71533 0 0.000226239 -3.19317 0 
1.8176 -8.74726 0 0.000219394 -3.19317 0 
1.8176 -8.77919 0 0.000212756 -3.19317 0 
1.8176 -8.81112 0 0.000206319 -3.19317 0 
1.8176 -8.84306 0 0.000200077 -3.19317 0 
1.8176 -8.87499 0 0.000194024 -3.19317 0 
1.81761 -8.90692 0 0.000188153 -3.19317 0 
1.81761 -8.93885 0 0.000182461 -3.19317 0 
1.81761 -8.97078 0 0.00017694 -3.19317 0 
1.81761 -9.00271 0 0.000171587 -3.19317 0 
1.81761 -9.03465 0 0.000166396 -3.19317 0 
1.81762 -9.06658 0 0.000161361 -3.19317 0 
1.81762 -9.09851 0 0.000156479 -3.19317 0 
1.81762 -9.13044 0 0.000151745 -3.19317 0 
1.81762 -9.16237 0 0.000147154 -3.19317 0 
1.81762 -9.1943 0 0.000142702 -3.19317 0 
1.81762 -9.22624 0 0.000138384 -3.19317 0 
1.81762 -9.25817 0 0.000134197 -3.19317 0 
1.81763 -9.2901 0 0.000130137 -3.19317 0 
1.81763 -9.32203 0 0.0001262 -3.19317 0 
1.81763 -9.35396 0 0.000122382 -3.19317 0 
1.81763 -9.38589 0 0.000118679 -3.19317 0 
1.81763 -9.41783 0 0.000115088 -3.19317 0 
1.81763 -9.44976 0 0.000111606 -3.19317 0 
1.81763 -9.48169 0 0.00010823 -3.19317 0 
1.81763 -9.51362 0 0.000104955 -3.19317 0 
1.81763 -9.54555 0 0.00010178 -3.19317 0 
1.81764 -9.57748 0 9.87003e-05 -3.19317 0 
1.81764 -9.60942 0 9.57141e-05 -3.19317 0 
1.81764 -9.64135 0 9.28183e-05 -3.19317 0 
1.81764 -9.67328 0 9.001e-05 -3.19317 0 
1.81764 -9.70521 0 8.72868e-05 -3.19317 0 
1.81764 -9.73714 0 8.46459e-05 -3.19317 0 
1.81764 -9.76907 0 8.20849e-05 -3.19317 0 
1.81764 -9.80101 0 7.96014e-05 -3.19317 0 
1.81764 -9.83294 0 7.7193e-05 -3.19317 0 
1.81764 -9.86487 0 7.48576e-05 -3.19317 0 
1.81764 -9.8968 0 7.25927e-05 -3.19317 0 
1.81764 -9.92873 0 7.03964e-05 -3.19317 0 
1.81765 -9.96066 0 6.82666e-05 -3.19317 0 
1.81765 -9.9926 0 6.62011e-05 -3.19317 0 
1.81765 -10.0245 0 6.41982e-05 -3.19317 0 
1.81765 -10.0565 0 6.22559e-05 -3.19317 0 
1.81765 -10.0884 0 6.03723e-05 -3.19317 0 
1.81765 -10.1203 0 5.85457e-05 -3.19317 0 
1.81765 -10.1523 0 5.67744e-05 -3.19317 0 
1.81765 -10.1842 0 5.50567e-05 -3.19317 0 
1.81765 -10.2161 0 5.3391e-05 -3.19317 0 
1.81765 -10.248 0 5.17756e-05 -3.19317 0 
1.81765 -10.28 0 5.02091e-05 -3.19317 0 
1.81765 -10.3119 0 4.869e-05 -3.19317 0 
1.81765 -10.3438 0 4.72169e-05 -3.19317 0 
1.81765 -10.3758 0 4.57884e-05 -3.19317 0 
1.81765 -10.4077 0 4.4403e-05 -3.19317 0 
1.81765 -10.4396 0 4.30596e-05 -3.19317 0 
1.81765 -10.4716 0 4.17568e-05 -3.19317 0 
1.81765 -10.5035 0 4.04935e-05 -3.19317 0 
1.81766 -10.5354 0 3.92683e-05 -3.19317 0 
1.81766 -10.5674 0 3.80803e-05 -3.19317 0 
1.81766 -10.5993 0 3.69281e-05 -3.19317 0 
1.81766 -10.6312 0 3.58109e-05 -3.19317 0 
1.81766 -10.6632 0 3.47274e-05 -3.19317 0 
1.81766 -10.6951 0 3.36767e-05 -3.19317 0 
1.81766 -10.727 0 3.26578e-05 -3.19317 0 
1.81766 -10.759 0 3.16697e-05 -3.19317 0 
1.81766 -10.7909 0 3.07116e-05 -3.19317 0 
1.81766 -10.8228 0 2.97824e-05 -3.19317 0 
1.81766 -10.8548 0 2.88813e-05 -3.19317 0 
1.81766 -10.8867 0 2.80075e-05 -3.19317 0 
1.81766 -10.9186 0 2.71601e-05 -3.19317 0 
1.81766 -10.9505 0 2.63384e-05 -3.19317 0 
1.81766 -10.9825 0 2.55415e-05 -3.19317 0 
1.81766 -11.0144 0 2.47688e-05 -3.19317 0 
1.81766 -11.0463 0 2.40194e-05 -3.19317 0 
1.81766 -11.0783 0 2.32927e-05 -3.19317 0 
1.81766 -11.1102 0 2.25879e-05 -3.19317 0 
1.81766 -11.1421 0 2.19045e-05 -3.19317 0 
1.81766 -11.1741 0 2.12418e-05 -3.19317 0 
1.81766 -11.206 0 2.05991e-05 -3.19317 0 
1.81766 -11.2379 0 1.99759e-05 -3.19317 0 
1.81766 -11.2699 0 1.93715e-05 -3.19317 0 
1.81766 -11.3018 0 1.87854e-05 -3.19317 0 
1.81766 -11.3337 0 1.82171e-05 -3.19317 0 
1.81766 -11.3657 0 1.76659e-05 -3.19317 0 
1.81766 -11.3976 0 1.71314e-05 -3.19317 0 
1.81766 -11.4295 0 1.66131e-05 -3.19317 0 
1.81766 -11.4615 0 1.61105e-05 -3.19317 0 
1.81766 -11.4934 0 1.56231e-05 -3.19317 0 
1.81766 -11.5253 0 1.51504e-05 -3.19317 0 
1.81766 -11.5572 0 1.4692e-05 -3.19317 0 
1.81766 -11.5892 0 1.42475e-05 -3.19317 0 
1.81766 -11.6211 0 1.38164e-05 -3.19317 0 
1.81766 -11.653 0 1.33984e-05 -3.19317 0 
1.81766 -11.685 0 1.2993e-05 -3.19317 0 
1.81766 -11.7169 0 1.25999e-05 -3.19317 0 
1.81766 -11.7488 0 1.22187e-05 -3.19317 0 
1.81766 -11.7808 0 1.1849e-05 -3.19317 0 
1.81766 -11.8127 0 1.14905e-05 -3.19317 0 
1.81766 -11.8446 0 1.11429e-05 -3.19317 0 
1.81766 -11.8766 0 1.08058e-05 -3.19317 0 
1.81766 -11.9085 0 1.04788e-05 -3.19317 0 
1.81766 -11.9404 0 1.01618e-05 -3.19317 0 
1.81766 -11.9724 0 9.85435e-06 -3.19317 0 
1.81766 -12.0043 0 9.55621e-06 -3.19317 0 
1.81766 -12.0362 0 9.26708e-06 -3.19317 0 
1.81766 -12.0682 0 8.98671e-06 -3.19317 0 
1.81767 -12.1001 0 8.71481e-06 -3.19317 0 
1.81767 -12.132 0 8.45114e-06 -3.19317 0 
1.81767 -12.1639 0 8.19545e-06 -3.19317 0 
1.81767 -12.1959 0 7.9475e-06 -3.19317 0 
1.81767 -12.2278 0 7.70704e-06 -3.19317 0 
1.81767 -12.2597 0 7.47387e-06 -3.19317 0 
1.81767 -12.2917 0 7.24774e-06 -3.19317 0 
1.81767 -12.3236 0 7.02846e-06 -3.19317 0 
1.81767 -12.3555 0 6.81581e-06 -3.19317 0 
1.81767 -12.3875 0 6.6096e-06 -3.19317 0 
1.81767 -12.4194 0 6.40962e-06 -3.19317 0 
1.81767 -12.4513 0 6.2157e-06 -3.19317 0 
1.81767 -12.4833 0 6.02764e-06 -3.19317 0 
1.81767 -12.5152 0 5.84528e-06 -3.19317 0 
1.81767 -12.5471 0 5.66843e-06 -3.19317 0 
1.81767 -12.5791 0 5.49693e-06 -3.19317 0 
1.81767 -12.611 0 5.33062e-06 -3.19317 0 
1.81767 -12.6429 0 5.16934e-06 -3.19317 0 
1.81767 -12.6749 0 5.01294e-06 -3.19317 0 
1.81767 -12.7068 0 4.86127e-06 -3.19317 0 
1.81767 -12.7387 0 4.71419e-06 -3.19317 0 
1.81767 -12.7707 0 4.57156e-06 -3.19317 0 
1.81767 -12.8026 0 4.43325e-06 -3.19317 0 
1.81767 -12.8345 0 4.29912e-06 -3.19317 0 
1.81767 -12.8664 0 4.16905e-06 -3.19317 0 
1.81767 -12.8984 0 4.04291e-06 -3.19317 0 
1.81767 -12.9303 0 3.92059e-06 -3.19317 0 
1.81767 -12.9622 0 3.80198e-06 -3.19317 0 
1.81767 -12.9942 0 3.68695e-06 -3.19317 0 
1.81767 -13.0261 0 3.5754e-06 -3.19317 0 
1.81767 -13.058 0 3.46722e-06 -3.19317 0 
1.81767 -13.09 0 3.36232e-06 -3.19317 0 
1.81767 -13.1219 0 3.26059e-06 -3.19317 0 
1.81767 -13.1538 0 3.16194e-06 -3.19317 0 
1.81767 -13.1858 0 3.06628e-06 -3.19317 0 
1.81767 -13.2177 0 2.97351e-06 -3.19317 0 
1.81767 -13.2496 0 2.88354e-06 -3.19317 0 
1.81767 -13.2816 0 2.7963e-06 -3.19317 0 
1.81767 -13.3135 0 2.7117e-06 -3.19317 0 
1.81767 -13.3454 0 2.62966e-06 -3.19317 0 
1.81767 -13.3774 0 2.5501e-06 -3.19317 0 
1.81767 -13.4093 0 2.47294e-06 -3.19317 0 
1.81767 -13.4412 0 2.39812e-06 -3.19317 0 
1.81767 -13.4731 0 2.32557e-06 -3.19317 0 
1.81767 -13.5051 0 2.25521e-06 -3.19317 0 
1.81767 -13.537 0 2.18697e-06 -3.19317 0 
1.81767 -13.5689 0 2.12081e-06 -3.19317 0 
1.81767 -13.6009 0 2.05664e-06 -3.19317 0 
1.81767 -13.6328 0 1.99442e-06 -3.19317 0 
1.81767 -13.6647 0 1.93408e-06 -3.19317 0 
1.81767 -13.6967 0 1.87556e-06 -3.19317 0 
1.81767 -13.7286 0 1.81881e-06 -3.19317 0 
1.81767 -13.7605 0 1.76379e-06 -3.19317 0 
1.81767 -13.7925 0 1.71042e-06 -3.19317 0 
1.81767 -13.8244 0 1.65867e-06 -3.19317 0 
1.81767 -13.8563 0 1.60849e-06 -3.19317 0 
1.81767 -13.8883 0 1.55982e-06 -3.19317 0 
1.81767 -13.9202 0 1.51263e-06 -3.19317 0 
1.81767 -13.9521 0 1.46687e-06 -3.19317 0 
1.81767 -13.9841 0 1.42249e-06 -3.19317 0 
1.81767 -14.016 0 1.37945e-06 -3.19317 0 
1.81767 -14.0479 0 1.33771e-06 -3.19317 0 
1.81767 -14.0798 0 1.29724e-06 -3.19317 0 
1.81767 -14.1118 0 1.25799e-06 -3.19317 0 
1.81767 -14.1437 0 1.21993e-06 -3.19317 0 
1.81767 -14.1756 0 1.18302e-06 -3.19317 0 
1.81767 -14.2076 0 1.14723e-06 -3.19317 0 
1.81767 -14.2395 0 1.11252e-06 -3.19317 0 
1.81767 -14.2714 0 1.07886e-06 -3.19317 0 
1.81767 -14.3034 0 1.04622e-06 -3.19317 0 
1.81767 -14.3353 0 1.01457e-06 -3.19317 0 
1.81767 -14.3672 0 9.8387e-07 -3.19317 0 
1.81767 -14.3992 0 9.54103e-07 -3.19317 0 
1.81767 -14.4311 0 9.25236e-07 -3.19317 0 
1.81767 -14.463 0 8.97243e-07 -3.19317 0 
1.81767 -14.495 0 8.70097e-07 -3.19317 0 
1.81767 -14.5269 0 8.43772e-07 -3.19317 0 
1.81767 -14.5588 0 8.18243e-07 -3.19317 0 
1.81767 -14.5908 0 7.93487e-07 -3.19317 0 
1.81767 -14.6227 0 7.6948e-07 -3.19317 0 
1.81767 -14.6546 0 7.46199e-07 -3.19317 0 
1.81767 -14.6866 0 7.23623e-07 -3.19317 0 
1.81767 -14.7185 0 7.0173e-07 -3.19317 0 
1.81767 -14.7504 0 6.80499e-07 -3.19317 0 
1.81767 -14.7823 0 6.5991e-07 -3.19317 0 
1.81767 -14.8143 0 6.39944e-07 -3.19317 0 
1.81767 -14.8462 0 6.20583e-07 -3.19317 0 
1.81767 -14.8781 0 6.01807e-07 -3.19317 0 
1.81767 -14.9101 0 5.83599e-07 -3.19317 0 
1.81767 -14.942 0 5.65942e-07 -3.19317 0 
1.81767 -14.9739 0 5.48819e-07 -3.19317 0 
1.81767 -15.0059 0 5.32215e-07 -3.19317 0 
1.81767 -15.0378 0 5.16113e-07 -3.19317 0 
1.81767 -15.0697 0 5.00497e-07 -3.19317 0 
1.81767 -15.1017 0 4.85355e-07 -3.19317 0 
1.81767 -15.1336 0 4.7067e-07 -3.19317 0 
1.81767 -15.1655 0 4.5643e-07 -3.19317 0 
1.81767 -15.1975 0 4.42621e-07 -3.19317 0 
1.81767 -15.2294 0 4.29229e-07 -3.19317 0 
1.81767 -15.2613 0 4.16243e-07 -3.19317 0 
1.81767 -15.2933 0 4.03649e-07 -3.19317 0 
1.81767 -15.3252 0 3.91437e-07 -3.19317 0 
1.81767 -15.3571 0 3.79594e-07 -3.19317 0 
1.81767 -15.389 0 3.68109e-07 -3.19317 0 
1.81767 -15.421 0 3.56972e-07 -3.19317 0 
1.81767 -15.4529 0 3.46172e-07 -3.19317 0 
1.81767 -15.4848 0 3.35698e-07 -3.19317 0 
1.81767 -15.5168 0 3.25541e-07 -3.19317 0 
1.81767 -15.5487 0 3.15692e-07 -3.19317 0 
1.81767 -15.5806 0 3.06141e-07 -3.19317 0 
1.81767 -15.6126 0 2.96878e-07 -3.19317 0 
1.81767 -15.6445 0 2.87896e-07 -3.19317 0 
1.81767 -15.6764 0 2.79186e-07 -3.19317 0 
1.81767 -15.7084 0 2.70739e-07 -3.19317 0 
1.81767 -15.7403 0 2.62548e-07 -3.19317 0 
1.81767 -15.7722 0 2.54604e-07 -3.19317 0 
1.81767 -15.8042 0 2.46901e-07 -3.19317 0 
1.81767 -15.8361 0 2.39431e-07 -3.19317 0 
1.81767 -15.868 0 2.32187e-07 -3.19317 0 
1.81767 -15.9 0 2.25162e-07 -3.19317 0 
1.81767 -15.9319 0 2.1835e-07 -3.19317 0 
1.81767 -15.9638 0 2.11744e-07 -3.19317 0 
1.81767 -15.9957 0 2.05337e-07 -3.19317 0 
1.81767 -16.0277 0 1.99125e-07 -3.19317 0 
1.81767 -16.0596 0 1.931e-07 -3.19317 0 
1.81767 -16.0915 0 1.87258e-07 -3.19317 0 
1.81767 -16.1235 0 1.81593e-07 -3.19317 0 
1.81767 -16.1554 0 1.76098e-07 -3.19317 0 
1.81767 -16.1873 0 1.70771e-07 -3.19317 0 
1.81767 -16.2193 0 1.65604e-07 -3.19317 0 
1.81767 -16.2512 0 1.60593e-07 -3.19317 0 
1.81767 -16.2831 0 1.55735e-07 -3.19317 0 
1.81767 -16.3151 0 1.51023e-07 -3.19317 0 
1.81767 -16.347 0 1.46454e-07 -3.19317 0 
1.81767 -16.3789 0 1.42023e-07 -3.19317 0 
1.81767 -16.4109 0 1.37726e-07 -3.19317 0 
1.81767 -16.4428 0 1.33559e-07 -3.19317 0 
1.81767 -16.4747 0 1.29518e-07 -3.19317 0 
1.81767 -16.5067 0 1.25599e-07 -3.19317 0 
1.81767 -16.5386 0 1.21799e-07 -3.19317 0 
1.81767 -16.5705 0 1.18114e-07 -3.19317 0 
1.81767 -16.6024 0 1.14541e-07 -3.19317 0 
1.81767 -16.6344 0 1.11075e-07 -3.19317 0 
1.81767 -16.6663 0 1.07715e-07 -3.19317 0 
1.81767 -16.6982 0 1.04456e-07 -3.19317 0 
1.81767 -16.7302 0 1.01295e-07 -3.19317 0 
1.81767 -16.7621 0 9.82307e-08 -3.19317 0 
1.81767 -16.794 0 9.52587e-08 -3.19317 0 
1.81767 -16.826 0 9.23767e-08 -3.19317 0 
1.81767 -16.8579 0 8.95818e-08 -3.19317 0 
1.81767 -16.8898 0 8.68715e-08 -3.19317 0 
1.81767 -16.9218 0 8.42432e-08 -3.19317 0 
1.81767 -16.9537 0 8.16944e-08 -3.19317 0 
1.81767 -16.9856 0 7.92227e-08 -3.19317 0 
1.81767 -17.0176 0 7.68258e-08 -3.19317 0 
1.81767 -17.0495 0 7.45014e-08 -3.19317 0 
1.81767 -17.0814 0 7.22473e-08 -3.19317 0 
1.81767 -17.1134 0 7.00615e-08 -3.19317 0 
1.81767 -17.1453 0 6.79418e-08 -3.19317 0 
1.81767 -17.1772 0 6.58862e-08 -3.19317 0 
1.81767 -17.2092 0 6.38928e-08 -3.19317 0 
1.81767 -17.2411 0 6.19597e-08 -3.19317 0 
1.81767 -17.273 0 6.00851e-08 -3.19317 0 
1.81767 -17.3049 0 5.82672e-08 -3.19317 0 
1.81767 -17.3369 0 5.65043e-08 -3.19317 0 
1.81767 -17.3688 0 5.47948e-08 -3.19317 0 
1.81767 -17.4007 0 5.31369e-08 -3.19317 0 
1.81767 -17.4327 0 5.15293e-08 -3.19317 0 
1.81767 -17.4646 0 4.99702e-08 -3.19317 0 
1.81767 -17.4965 0 4.84584e-08 -3.19317 0 
1.81767 -17.5285 0 4.69923e-08 -3.19317 0 
1.81767 -17.5604 0 4.55705e-08 -3.19317 0 
1.81767 -17.5923 0 4.41918e-08 -3.19317 0 
1.81767 -17.6243 0 4.28547e-08 -3.19317 0 
1.81767 -17.6562 0 4.15582e-08 -3.19317 0 
1.81767 -17.6881 0 4.03008e-08 -3.19317 0 
1.81767 -17.7201 0 3.90815e-08 -3.19317 0 
1.81767 -17.752 0 3.78991e-08 -3.19317 0 
1.81767 -17.7839 0 3.67524e-08 -3.19317 0 
1.81767 -17.8159 0 3.56405e-08 -3.19317 0 
1.81767 -17.8478 0 3.45622e-08 -3.19317 0 
1.81767 -17.8797 0 3.35165e-08 -3.19317 0 
1.81767 -17.9116 0 3.25024e-08 -3.19317 0 
1.81767 -17.9436 0 3.15191e-08 -3.19317 0 
1.81767 -17.9755 0 3.05655e-08 -3.19317 0 
1.81767 -18.0074 0 2.96407e-08 -3.19317 0 
1.81767 -18.0394 0 2.87439e-08 -3.19317 0 
1.81767 -18.0713 0 2.78743e-08 -3.19317 0 
1.81767 -18.1032 0 2.70309e-08 -3.19317 0 
1.81767 -18.1352 0 2.62131e-08 -3.19317 0 
1.81767 -18.1671 0 2.542e-08 -3.19317 0 
1.81767 -18.199 0 2.46509e-08 -3.19317 0 
1.81767 -18.231 0 2.39051e-08 -3.19317 0 
1.81767 -18.2629 0 2.31818e-08 -3.19317 0 
1.81767 -18.2948 0 2.24805e-08 -3.19317 0 
1.81767 -18.3268 0 2.18003e-08 -3.19317 0 
1.81767 -18.3587 0 2.11407e-08 -3.19317 0 
1.81767 -18.3906 0 2.05011e-08 -3.19317 0 
1.81767 -18.4226 0 1.98809e-08 -3.19317 0 
1.81767 -18.4545 0 1.92794e-08 -3.19317 0 
1.81767 -18.4864 0 1.86961e-08 -3.19317 0 
1.81767 -18.5183 0 1.81304e-08 -3.19317 0 
1.81767 -18.5503 0 1.75819e-08 -3.19317 0 
1.81767 -18.5822 0 1.70499e-08 -3.19317 0 
1.81767 -18.6141 0 1.65341e-08 -3.19317 0 
1.81767 -18.6461 0 1.60338e-08 -3.19317 0 
1.81767 -18.678 0 1.55487e-08 -3.19317 0 
1.81767 -18.7099 0 1.50783e-08 -3.19317 0 
1.81767 -18.7419 0 1.46221e-08 -3.19317 0 
1.81767 -18.7738 0 1.41797e-08 -3.19317 0 
1.81767 -18.8057 0 1.37507e-08 -3.19317 0 
1.81767 -18.8377 0 1.33347e-08 -3.19317 0 
1.81767 -18.8696 0 1.29312e-08 -3.19317 0 
1.81767 -18.9015 0 1.254e-08 -3.19317 0 
1.81767 -18.9335 0 1.21606e-08 -3.19317 0 
1.81767 -18.9654 0 1.17927e-08 -3.19317 0 
1.81767 -18.9973 0 1.14359e-08 -3.19317 0 
1.81767 -19.0293 0 1.10899e-08 -3.19317 0 
1.81767 -19.0612 0 1.07544e-08 -3.19317 0 
1.81767 -19.0931 0 1.0429e-08 -3.19317 0 
1.81767 -19.1251 0 1.01135e-08 -3.19317 0 
1.81767 -19.157 0 9.80747e-09 -3.19317 0 
1.81767 -19.1889 0 9.51074e-09 -3.19317 0 
1.81767 -19.2208 0 9.22299e-09 -3.19317 0 
1.81767 -19.2528 0 8.94395e-09 -3.19317 0 
1.81767 -19.2847 0 8.67335e-09 -3.19317 0 
1.81767 -19.3166 0 8.41093e-09 -3.19317 0 
1.81767 -19.3486 0 8.15646e-09 -3.19317 0 
1.81767 -19.3805 0 7.90968e-09 -3.19317 0 
1.81767 -19.4124 0 7.67037e-09 -3.19317 0 
1.81767 -19.4444 0 7.43831e-09 -3.19317 0 
1.81767 -19.4763 0 7.21326e-09 -3.19317 0 
1.81767 -19.5082 0 6.99502e-09 -3.19317 0 
1.81767 -19.5402 0 6.78338e-09 -3.19317 0 
1.81767 -19.5721 0 6.57815e-09 -3.19317 0 
1.81767 -19.604 0 6.37913e-09 -3.19317 0 
1.81767 -19.636 0 6.18613e-09 -3.19317 0 
1.81767 -19.6679 0 5.99896e-09 -3.19317 0 
1.81767 -19.6998 0 5.81746e-09 -3.19317 0 
1.81767 -19.7318 0 5.64146e-09 -3.19317 0 
1.81767 -19.7637 0 5.47077e-09 -3.19317 0 
1.81767 -19.7956 0 5.30525e-09 -3.19317 0 
1.81767 -19.8275 0 5.14474e-09 -3.19317 0 
1.81767 -19.8595 0 4.98909e-09 -3.19317 0 
1.81767 -19.8914 0 4.83814e-09 -3.19317 0 
1.81767 -19.9233 0 4.69176e-09 -3.19317 0 
1.81767 -19.9553 0 4.54981e-09 -3.19317 0 
1.81767 -19.9872 0 4.41216e-09 -3.19317 0 
1.81767 -20.0191 0 4.27867e-09 -3.19317 0 
1.81767 -20.0511 0 4.14921e-09 -3.19317 0 
1.81767 -20.083 0 4.02368e-09 -3.19317 0 
1.81767 -20.1149 0 3.90194e-09 -3.19317 0 
1.81767 -20.1469 0 3.78389e-09 -3.19317 0 
1.81767 -20.1788 0 3.66941e-09 -3.19317 0 
1.81767 -20.2107 0 3.55839e-09 -3.19317 0 
1.81767 -20.2427 0 3.45073e-09 -3.19317 0 
1.81767 -20.2746 0 3.34632e-09 -3.19317 0 
1.81767 -20.3065 0 3.24508e-09 -3.19317 0 
1.81767 -20.3385 0 3.1469e-09 -3.19317 0 
1.81767 -20.3704 0 3.05169e-09 -3.19317 0 
1.81767 -20.4023 0 2.95936e-09 -3.19317 0 
1.81767 -20.4342 0 2.86982e-09 -3.19317 0 
1.81767 -20.4662 0 2.783e-09 -3.19317 0 
1.81767 -20.4981 0 2.6988e-09 -3.19317 0 
1.81767 -20.53 0 2.61714e-09 -3.19317 0 
1.81767 -20.562 0 2.53796e-09 -3.19317 0 
1.81767 -20.5939 0 2.46118e-09 -3.19317 0 
1.81767 -20.6258 0 2.38671e-09 -3.19317 0 
1.81767 -20.6578 0 2.3145e-09 -3.19317 0 
1.81767 -20.6897 0 2.24448e-09 -3.19317 0 
1.81767 -20.7216 0 2.17657e-09 -3.19317 0 
1.81767 -20.7536 0 2.11072e-09 -3.19317 0 
1.81767 -20.7855 0 2.04686e-09 -3.19317 0 
1.81767 -20.8174 0 1.98493e-09 -3.19317 0 
1.81767 -20.8494 0 1.92487e-09 -3.19317 0 
1.81767 -20.8813 0 1.86664e-09 -3.19317 0 
1.81767 -20.9132 0 1.81016e-09 -3.19317 0 
1.81767 -20.9452 0 1.75539e-09 -3.19317 0 
1.81767 -20.9771 0 1.70228e-09 -3.19317 0 
1.81767 -21.009 0 1.65078e-09 -3.19317 0 
1.81767 -21.041 0 1.60084e-09 -3.19317 0 
1.81767 -21.0729 0 1.5524e-09 -3.19317 0 
1.81767 -21.1048 0 1.50544e-09 -3.19317 0 
1.81767 -21.1367 0 1.45989e-09 -3.19317 0 
1.81767 -21.1687 0 1.41572e-09 -3.19317 0 
1.81767 -21.2006 0 1.37289e-09 -3.19317 0 
1.81767 -21.2325 0 1.33135e-09 -3.19317 0 
1.81767 -21.2645 0 1.29107e-09 -3.19317 0 
1.81767 -21.2964 0 1.25201e-09 -3.19317 0 
1.81767 -21.3283 0 1.21413e-09 -3.19317 0 
1.81767 -21.3603 0 1.17739e-09 -3.19317 0 
1.81767 -21.3922 0 1.14177e-09 -3.19317 0 
1.81767 -21.4241 0 1.10723e-09 -3.19317 0 
1.81767 -21.4561 0 1.07373e-09 -3.19317 0 
1.81767 -21.488 0 1.04124e-09 -3.19317 0 
1.81767 -21.5199 0 1.00974e-09 -3.19317 0 
1.81767 -21.5519 0 9.79189e-10 -3.19317 0 
1.81767 -21.5838 0 9.49563e-10 -3.19317 0 
1.81767 -21.6157 0 9.20834e-10 -3.19317 0 
1.81767 -21.6477 0 8.92974e-10 -3.19317 0 
1.81767 -21.6796 0 8.65957e-10 -3.19317 0 
1.81767 -21.7115 0 8.39757e-10 -3.19317 0 
1.81767 -21.7434 0 8.1435e-10 -3.19317 0 
1.81767 -21.7754 0 7.89712e-10 -3.19317 0 
1.81767 -21.8073 0 7.65819e-10 -3.19317 0 
1.81767 -21.8392 0 7.42649e-10 -3.19317 0 
1.81767 -21.8712 0 7.2018e-10 -3.19317 0 
1.81767 -21.9031 0 6.98391e-10 -3.19317 0 
1.81767 -21.935 0 6.77261e-10 -3.19317 0 
1.81767 -21.967 0 6.5677e-10 -3.19317 0 
1.81767 -21.9989 0 6.369e-10 -3.19317 0 
1.81767 -22.0308 0 6.1763e-10 -3.19317 0 
1.81767 -22.0628 0 5.98944e-10 -3.19317 0 
1.81767 -22.0947 0 5.80822e-10 -3.19317 0 
1.81767 -22.1266 0 5.63249e-10 -3.19317 0 
1.81767 -22.1586 0 5.46208e-10 -3.19317 0 
1.81767 -22.1905 0 5.29683e-10 -3.19317 0 
1.81767 -22.2224 0 5.13657e-10 -3.19317 0 
1.81767 -22.2544 0 4.98116e-10 -3.19317 0 
1.81767 -22.2863 0 4.83046e-10 -3.19317 0 
1.81767 -22.3182 0 4.68431e-10 -3.19317 0 
1.81767 -22.3501 0 4.54258e-10 -3.19317 0 
1.81767 -22.3821 0 4.40515e-10 -3.19317 0 
1.81767 -22.414 0 4.27187e-10 -3.19317 0 
1.81767 -22.4459 0 4.14262e-10 -3.19317 0 
1.81767 -22.4779 0 4.01729e-10 -3.19317 0 
1.81767 -22.5098 0 3.89574e-10 -3.19317 0 
1.81767 -22.5417 0 3.77788e-10 -3.19317 0 
1.81767 -22.5737 0 3.66358e-10 -3.19317 0 
1.81767 -22.6056 0 3.55273e-10 -3.19317 0 
1.81767 -22.6375 0 3.44525e-10 -3.19317 0 
1.81767 -22.6695 0 3.34101e-10 -3.19317 0 
1.81767 -22.7014 0 3.23993e-10 -3.19317 0 
1.81767 -22.7333 0 3.1419e-10 -3.19317 0 
1.81767 -22.7653 0 3.04684e-10 -3.19317 0 
1.81767 -22.7972 0 2.95466e-10 -3.19317 0 
1.81767 -22.8291 0 2.86527e-10 -3.19317 0 
1.81767 -22.8611 0 2.77858e-10 -3.19317 0 
1.81767 -22.893 0 2.69451e-10 -3.19317 0 
1.81767 -22.9249 0 2.61299e-10 -3.19317 0 
1.81767 -22.9569 0 2.53393e-10 -3.19317 0 
1.81767 -22.9888 0 2.45727e-10 -3.19317 0 
1.81767 -23.0207 0 2.38292e-10 -3.19317 0 
1.81767 -23.0526 0 2.31083e-10 -3.19317 0 
1.81767 -23.0846 0 2.24091e-10 -3.19317 0 
1.81767 -23.1165 0 2.17311e-10 -3.19317 0 
1.81767 -23.1484 0 2.10736e-10 -3.19317 0 
1.81767 -23.1804 0 2.04361e-10 -3.19317 0 
1.81767 -23.2123 0 1.98178e-10 -3.19317 0 
1.81767 -23.2442 0 1.92182e-10 -3.19317 0 
1.81767 -23.2762 0 1.86367e-10 -3.19317 0 
1.81767 -23.3081 0 1.80729e-10 -3.19317 0 
1.81767 -23.34 0 1.75261e-10 -3.19317 0 
1.81767 -23.372 0 1.69958e-10 -3.19317 0 
1.81767 -23.4039 0 1.64816e-10 -3.19317 0 
1.81767 -23.4358 0 1.59829e-10 -3.19317 0 
1.81767 -23.4678 0 1.54994e-10 -3.19317 0 
1.81767 -23.4997 0 1.50304e-10 -3.19317 0 
1.81767 -23.5316 0 1.45757e-10 -3.19317 0 
1.81767 -23.5636 0 1.41347e-10 -3.19317 0 
1.81767 -23.5955 0 1.37071e-10 -3.19317 0 
1.81767 -23.6274 0 1.32923e-10 -3.19317 0 
1.81767 -23.6593 0 1.28902e-10 -3.19317 0 
1.81767 -23.6913 0 1.25002e-10 -3.19317 0 
1.81767 -23.7232 0 1.2122e-10 -3.19317 0 
1.81767 -23.7551 0 1.17552e-10 -3.19317 0 
1.81767 -23.7871 0 1.13996e-10 -3.19317 0 
1.81767 -23.819 0 1.10547e-10 -3.19317 0 
1.81767 -23.8509 0 1.07202e-10 -3.19317 0 
1.81767 -23.8829 0 1.03959e-10 -3.19317 0 
1.81767 -23.9148 0 1.00813e-10 -3.19317 0 
1.81767 -23.9467 0 9.77634e-11 -3.19317 0 
1.81767 -23.9787 0 9.48055e-11 -3.19317 0 
1.81767 -24.0106 0 9.19371e-11 -3.19317 0 
1.81767 -24.0425 0 8.91556e-11 -3.19317 0 
1.81767 -24.0745 0 8.64581e-11 -3.19317 0 
1.81767 -24.1064 0 8.38423e-11 -3.19317 0 
1.81767 -24.1383 0 8.13057e-11 -3.19317 0 
1.81767 -24.1703 0 7.88458e-11 -3.19317 0 
1.81767 -24.2022 0 7.64603e-11 -3.19317 0 
1.81767 -24.2341 0 7.41469e-11 -3.19317 0 
1.81767 -24.266 0 7.19036e-11 -3.19317 0 
1.81767 -24.298 0 6.97282e-11 -3.19317 0 
1.81767 -24.3299 0 6.76185e-11 -3.19317 0 
1.81767 -24.3618 0 6.55727e-11 -3.19317 0 
1.81767 -24.3938 0 6.35888e-11 -3.19317 0 
1.81767 -24.4257 0 6.16649e-11 -3.19317 0 
1.81767 -24.4576 0 5.97992e-11 -3.19317 0 
1.81767 -24.4896 0 5.799e-11 -3.19317 0 
1.81767 -24.5215 0 5.62355e-11 -3.19317 0 
1.81767 -24.5534 0 5.45341e-11 -3.19317 0 
1.81767 -24.5854 0 5.28841e-11 -3.19317 0 
1.81767 -24.6173 0 5.12841e-11 -3.19317 0 
1.81767 -24.6492 0 4.97325e-11 -3.19317 0 
1.81767 -24.6812 0 4.82278e-11 -3.19317 0 
1.81767 -24.7131 0 4.67687e-11 -3.19317 0 
1.81767 -24.745 0 4.53537e-11 -3.19317 0 
1.81767 -24.777 0 4.39815e-11 -3.19317 0 
1.81767 -24.8089 0 4.26508e-11 -3.19317 0 
1.81767 -24.8408 0 4.13604e-11 -3.19317 0 
1.81767 -24.8728 0 4.01091e-11 -3.19317 0 
1.81767 -24.9047 0 3.88956e-11 -3.19317 0 
1.81767 -24.9366 0 3.77188e-11 -3.19317 0 
1.81767 -24.9685 0 3.65776e-11 -3.19317 0 
1.81767 -25.0005 0 3.54709e-11 -3.19317 0 
1.81767 -25.0324 0 3.43977e-11 -3.19317 0 
1.81767 -25.0643 0 3.3357e-11 -3.19317 0 
1.81767 -25.0963 0 3.23478e-11 -3.19317 0 
1.81767 -25.1282 0 3.13691e-11 -3.19317 0 
1.81767 -25.1601 0 3.042e-11 -3.19317 0 
1.81767 -25.1921 0 2.94997e-11 -3.19317 0 
1.81767 -25.224 0 2.86071e-11 -3.19317 0 
1.81767 -25.2559 0 2.77416e-11 -3.19317 0 
1.81767 -25.2879 0 2.69023e-11 -3.19317 0 
1.81767 -25.3198 0 2.60884e-11 -3.19317 0 
1.81767 -25.3517 0 2.52991e-11 -3.19317 0 
1.81767 -25.3837 0 2.45336e-11 -3.19317 0 
1.81767 -25.4156 0 2.37914e-11 -3.19317 0 
1.81767 -25.4475 0 2.30716e-11 -3.19317 0 
1.81767 -25.4795 0 2.23735e-11 -3.19317 0 
1.81767 -25.5114 0 2.16966e-11 -3.19317 0 
1.81767 -25.5433 0 2.10402e-11 -3.19317 0 
1.81767 -25.5752 0 2.04036e-11 -3.19317 0 
1.81767 -25.6072 0 1.97863e-11 -3.19317 0 
1.81767 -25.6391 0 1.91876e-11 -3.19317 0 
1.81767 -25.671 0 1.86071e-11 -3.19317 0 
1.81767 -25.703 0 1.80442e-11 -3.19317 0 
1.81767 -25.7349 0 1.74982e-11 -3.19317 0 
1.81767 -25.7668 0 1.69688e-11 -3.19317 0 
1.81767 -25.7988 0 1.64554e-11 -3.19317 0 
1.81767 -25.8307 0 1.59576e-11 -3.19317 0 
1.81767 -25.8626 0 1.54748e-11 -3.19317 0 
1.81767 -25.8946 0 1.50066e-11 -3.19317 0 
1.81767 -25.9265 0 1.45525e-11 -3.19317 0 
1.81767 -25.9584 0 1.41122e-11 -3.19317 0 
1.81767 -25.9904 0 1.36853e-11 -3.19317 0 
1.81767 -26.0223 0 1.32712e-11 -3.19317 0 
1.81767 -26.0542 0 1.28697e-11 -3.19317 0 
1.81767 -26.0862 0 1.24803e-11 -3.19317 0 
1.81767 -26.1181 0 1.21027e-11 -3.19317 0 
1.81767 -26.15 0 1.17366e-11 -3.19317 0 
1.81767 -26.1819 0 1.13815e-11 -3.19317 0 
1.81767 -26.2139 0 1.10371e-11 -3.19317 0 
1.81767 -26.2458 0 1.07032e-11 -3.19317 0 
1.81767 -26.2777 0 1.03794e-11 -3.19317 0 
1.81767 -26.3097 0 1.00653e-11 -3.19317 0 
1.81767 -26.3416 0 9.76081e-12 -3.19317 0 
1.81767 -26.3735 0 9.46549e-12 -3.19317 0 
1.81767 -26.4055 0 9.17911e-12 -3.19317 0 
1.81767 -26.4374 0 8.9014e-12 -3.19317 0 
1.81767 -26.4693 0 8.63208e-12 -3.19317 0 
1.81767 -26.5013 0 8.37092e-12 -3.19317 0 
1.81767 -26.5332 0 8.11765e-12 -3.19317 0 
1.81767 -26.5651 0 7.87205e-12 -3.19317 0 
1.81767 -26.5971 0 7.63388e-12 -3.19317 0 
1.81767 -26.629 0 7.40292e-12 -3.19317 0 
1.81767 -26.6609 0 7.17894e-12 -3.19317 0 
1.81767 -26.6929 0 6.96174e-12 -3.19317 0 
1.81767 -26.7248 0 6.75111e-12 -3.19317 0 
1.81767 -26.7567 0 6.54685e-12 -3.19317 0 
1.81767 -26.7886 0 6.34878e-12 -3.19317 0 
1.81767 -26.8206 0 6.15669e-12 -3.19317 0 
1.81767 -26.8525 0 5.97042e-12 -3.19317 0 
1.81767 -26.8844 0 5.78979e-12 -3.19317 0 
1.81767 -26.9164 0 5.61462e-12 -3.19317 0 
1.81767 -26.9483 0 5.44474e-12 -3.19317 0 
1.81767 -26.9802 0 5.28001e-12 -3.19317 0 
1.81767 -27.0122 0 5.12026e-12 -3.19317 0 
1.81767 -27.0441 0 4.96535e-12 -3.19317 0 
1.81767 -27.076 0 4.81512e-12 -3.19317 0 
1.81767 -27.108 0 4.66944e-12 -3.19317 0 
1.81767 -27.1399 0 4.52816e-12 -3.19317 0 
1.81767 -27.1718 0 4.39116e-12 -3.19317 0 
1.81767 -27.2038 0 4.25831e-12 -3.19317 0 
1.81767 -27.2357 0 4.12947e-12 -3.19317 0 
1.81767 -27.2676 0 4.00453e-12 -3.19317 0 
1.81767 -27.2996 0 3.88338e-12 -3.19317 0 
1.81767 -27.3315 0 3.76588e-12 -3.19317 0 
1.81767 -27.3634 0 3.65195e-12 -3.19317 0 
1.81767 -27.3954 0 3.54146e-12 -3.19317 0 
1.81767 -27.4273 0 3.43431e-12 -3.19317 0 
1.81767 -27.4592 0 3.3304e-12 -3.19317 0 
1.81767 -27.4911 0 3.22964e-12 -3.19317 0 
1.81767 -27.5231 0 3.13193e-12 -3.19317 0 
1.81767 -27.555 0 3.03717e-12 -3.19317 0 
1.81767 -27.5869 0 2.94528e-12 -3.19317 0 
1.81767 -27.6189 0 2.85617e-12 -3.19317 0 
1.81767 -27.6508 0 2.76976e-12 -3.19317 0 
1.81767 -27.6827 0 2.68596e-12 -3.19317 0 
1.81767 -27.7147 0 2.60469e-12 -3.19317 0 
1.81767 -27.7466 0 2.52589e-12 -3.19317 0 
1.81767 -27.7785 0 2.44947e-12 -3.19317 0 
1.81767 -27.8105 0 2.37536e-12 -3.19317 0 
1.81767 -27.8424 0 2.30349e-12 -3.19317 0 
1.81767 -27.8743 0 2.2338e-12 -3.19317 0 
1.81767 -27.9063 0 2.16621e-12 -3.19317 0 
1.81767 -27.9382 0 2.10067e-12 -3.19317 0 
1.81767 -27.9701 0 2.03712e-12 -3.19317 0 
1.81767 -28.0021 0 1.97548e-12 -3.19317 0 
1.81767 -28.034 0 1.91572e-12 -3.19317 0 
1.81767 -28.0659 0 1.85776e-12 -3.19317 0 
1.81767 -28.0978 0 1.80155e-12 -3.19317 0 
1.81767 -28.1298 0 1.74704e-12 -3.19317 0 
1.81767 -28.1617 0 1.69419e-12 -3.19317 0 
1.81767 -28.1936 0 1.64293e-12 -3.19317 0 
1.81767 -28.2256 0 1.59322e-12 -3.19317 0 
1.81767 -28.2575 0 1.54502e-12 -3.19317 0 
1.81767 -28.2894 0 1.49827e-12 -3.19317 0 
1.81767 -28.3214 0 1.45294e-12 -3.19317 0 
1.81767 -28.3533 0 1.40898e-12 -3.19317 0 
1.81767 -28.3852 0 1.36635e-12 -3.19317 0 
1.81767 -28.4172 0 1.32501e-12 -3.19317 0 
1.81767 -28.4491 0 1.28493e-12 -3.19317 0 
1.81767 -28.481 0 1.24605e-12 -3.19317 0 
1.81767 -28.513 0 1.20835e-12 -3.19317 0 
1.81767 -28.5449 0 1.17179e-12 -3.19317 0 
1.81767 -28.5768 0 1.13634e-12 -3.19317 0 
1.81767 -28.6088 0 1.10196e-12 -3.19317 0 
1.81767 -28.6407 0 1.06862e-12 -3.19317 0 
1.81767 -28.6726 0 1.03629e-12 -3.19317 0 
1.81767 -28.7045 0 1.00493e-12 -3.19317 0 
1.81767 -28.7365 0 9.7453e-13 -3.19317 0 
1.81767 -28.7684 0 9.45046e-13 -3.19317 0 
1.81767 -28.8003 0 9.16453e-13 -3.19317 0 
1.81767 -28.8323 0 8.88726e-13 -3.19317 0 
1.81767 -28.8642 0 8.61837e-13 -3.19317 0 
1.81767 -28.8961 0 8.35762e-13 -3.19317 0 
1.81767 -28.9281 0 8.10476e-13 -3.19317 0 
1.81767 -28.96 0 7.85955e-13 -3.19317 0 
1.81767 -28.9919 0 7.62175e-13 -3.19317 0 
1.81767 -29.0239 0 7.39116e-13 -3.19317 0 
1.81767 -29.0558 0 7.16754e-13 -3.19317 0 
1.81767 -29.0877 0 6.95068e-13 -3.19317 0 
1.81767 -29.1197 0 6.74039e-13 -3.19317 0 
1.81767 -29.1516 0 6.53646e-13 -3.19317 0 
1.81767 -29.1835 0 6.33869e-13 -3.19317 0 
1.81767 -29.2155 0 6.14691e-13 -3.19317 0 
1.81767 -29.2474 0 5.96094e-13 -3.19317 0 
1.81767 -29.2793 0 5.78059e-13 -3.19317 0 
1.81767 -29.3113 0 5.6057e-13 -3.19317 0 
1.81767 -29.3432 0 5.4361e-13 -3.19317 0 
1.81767 -29.3751 0 5.27163e-13 -3.19317 0 
1.81767 -29.407 0 5.11213e-13 -3.19317 0 
1.81767 -29.439 0 4.95746e-13 -3.19317 0 
1.81767 -29.4709 0 4.80747e-13 -3.19317 0 
1.81767 -29.5028 0 4.66202e-13 -3.19317 0 
1.81767 -29.5348 0 4.52097e-13 -3.19317 0 
1.81767 -29.5667 0 4.38419e-13 -3.19317 0 
1.81767 -29.5986 0 4.25154e-13 -3.19317 0 
1.81767 -29.6306 0 4.12291e-13 -3.19317 0 
1.81767 -29.6625 0 3.99817e-13 -3.19317 0 
1.81767 -29.6944 0 3.87721e-13 -3.19317 0 
1.81767 -29.7264 0 3.7599e-13 -3.19317 0 
1.81767 -29.7583 0 3.64615e-13 -3.19317 0 